2 53 110 27.529 130 80 -1 -1 0 0 0
2 53 147 36.789 140 62 -1 96.7 1 0 0
2 54.5 93 22.011 118 79 20 97.3 0 0 0
2 56 126 28.246 100 68 -1 -1 0 0 0
2 56.5 0 0 119 86 -1 -1 0 0 0
2 57.5 183 38.911 140 80 18 97.9 0 0 0
2 58 113.8 23.782 108 75 16 98.1 0 0 0
2 58 137 28.63 154 79 16 -1 0 0 0
2 58 115 24.032 125 56 18 -1 0 0 0
2 58 154 32.183 122 82 20 -1 0 0 0
2 58 99 20.689 136 80 -1 -1 0 0 0
2 58 120 25.077 110 60 -1 -1 0 0 0
2 58.2 145.2 30.135 138 80 -1 97.3 0 0 0
2 58.5 112 23.007 130 82 12 -1 0 0 0
2 58.5 133 27.321 140 80 16 -1 0 0 0
2 58.5 132 27.115 140 70 17 97.8 0 0 0
2 58.7 163.2 33.297 116 74 18 98.1 0 0 0
2 58.8 134 27.246 100 60 16 97 0 0 0
2 58.9 181 36.678 144 78 18 -1 0 0 0
2 59 138 27.87 112 66 14 97.4 0 0 0
2 59 148 29.889 110 70 16 -1 0 0 0
2 59 150 30.293 140 80 16 -1 0 0 0
2 59 178 35.948 161 75 20 97.4 0 0 0
2 59 99 19.993 140 64 20 98.2 1 0 0
2 59 141.5 28.576 120 84 -1 -1 0 0 0
2 59 122 24.638 -1 -1 -1 -1 0 0 0
2 59 119.05 24.042 102 68 -1 -1 0 0 0
2 59.5 144 28.595 100 70 16 -1 0 0 0
2 59.5 120 23.829 100 70 20 97.6 0 0 0
2 59.75 177.4 34.933 100 60 10 98.4 0 0 0
2 60 123.6 24.136 116 93 12 97.7 0 0 0
2 60 162 31.635 130 72 14 98.5 0 0 0
2 60 130 25.386 110 68 16 -1 0 0 0
2 60 284 55.459 122 76 16 97.2 0 0 0
2 60 197 38.47 106 66 16 98.9 0 0 0
2 60 262 51.163 156 89 16 98 0 0 0
2 60 120 23.433 100 60 17 98.3 0 0 0
2 60 288 56.24 122 82 26 97.8 0 0 0
2 60 104 20.309 144 90 -1 -1 0 0 0
2 60 115.8 22.613 118 78 -1 96.8 0 0 0
2 60 141.3 27.593 90 62 -1 -1 0 0 0
2 60 91 17.77 122 68 -1 -1 1 0 0
2 60 122 23.824 105 62 -1 -1 0 0 0
2 60 154.4 30.151 120 86 -1 98.1 0 0 0
2 60 124 24.214 120 70 -1 -1 0 0 0
2 60 94.5 18.454 160 74 -1 -1 1 0 0
2 60 180 35.15 183 78 -1 -1 0 0 0
2 60 167 32.611 150 80 -1 98.5 0 0 0
2 60.3 147 28.421 130 70 16 97 0 0 0
2 60.5 124 23.816 110 68 16 -1 0 0 0
2 60.5 130.2 25.007 104 73 16 -1 0 0 0
2 60.5 192.6 36.991 92 68 20 99.5 0 0 0
2 60.5 168 32.267 110 74 -1 -1 0 0 0
2 60.75 139 26.478 120 76 -1 -1 0 0 0
2 61 137 25.883 136 62 12 -1 1 0 0
2 61 109 20.593 122 74 12 -1 0 0 0
2 61 156 29.473 148 70 14 98 0 0 0
2 61 100 18.893 130 82 14 -1 0 0 0
2 61 104 19.648 110 72 16 97.3 0 0 0
2 61 145 27.395 142 89 16 97.8 0 0 0
2 61 107.6 20.329 180 90 16 79 0 0 0
2 61 115 21.727 146 100 16 -1 0 0 0
2 61 134 25.316 140 80 16 97.1 1 0 0
2 61 131 24.75 107 66 18 97.5 0 0 0
2 61 200 37.786 120 70 18 -1 0 0 0
2 61 137 25.883 98 54 18 99.2 0 0 0
2 61 162.5 30.701 116 68 -1 98.1 1 0 0
2 61 149 28.15 120 68 -1 97.9 0 0 0
2 61 147 27.772 -1 -1 -1 -1 0 0 0
2 61.5 188 34.943 129 90 16 97.5 0 0 0
2 61.5 193.8 36.021 139 92 18 97.1 0 0 0
2 61.5 211 39.218 142 88 19 -1 0 0 0
2 61.5 129 23.977 120 68 -1 97.2 1 0 0
2 62 130 23.775 112 68 10 -1 0 0 0
2 62 201 36.759 140 80 12 -1 0 0 0
2 62 126 23.043 139 86 12 97.9 0 0 0
2 62 153 27.981 120 82 14 98.8 1 0 0
2 62 175 32.004 122 84 14 -1 0 0 0
2 62 117 21.397 126 76 14 99.1 0 0 0
2 62 162.5 29.718 110 80 14 97.6 0 0 0
2 62 144 26.335 118 80 14 -1 0 0 0
2 62 192 35.113 122 80 16 96.2 0 0 0
2 62 185 33.833 142 96 16 98.3 0 0 0
2 62 133 24.323 130 80 16 97.7 1 0 0
2 62 119 21.763 144 70 16 -1 0 0 0
2 62 165 30.176 138 96 16 98 0 0 0
2 62 251 45.903 136 72 16 -1 0 0 0
2 62 286.5 52.396 142 82 18 96.9 0 0 0
2 62 130 23.775 106 68 18 97.9 0 0 0
2 62 116 21.214 160 60 18 -1 17 0 0
2 62 115 21.031 112 80 18 97.4 0 0 0
2 62 153 27.981 118 75 18 98 0 0 0
2 62 190 34.748 130 90 18 98.3 0 0 0
2 62 184 33.65 135 70 20 98.4 0 0 0
2 62 168 30.724 110 72 20 98.5 0 0 0
1 62 228 41.697 118 68 22 -1 0 0 0
2 62 284 51.939 130 76 24 97.6 0 0 0
2 62 0 0 124 82 -1 -1 0 0 0
2 62 120 21.946 108 74 -1 97.7 0 0 0
2 62 122 22.312 120 80 -1 -1 0 0 0
2 62 101 18.471 126 70 -1 -1 0 0 0
2 62 155 28.347 121 65 -1 -1 0 0 0
2 62 266 48.647 104 79 -1 97.9 1 0 0
2 62 130 23.775 80 120 -1 98.6 6 0 0
2 62 127 23.226 126 80 -1 99.6 0 0 0
2 62.008 201.943 36.923 180 96 12 97.34 1 0 0
2 62.4 102 18.416 108 66 -1 -1 0 0 0
2 62.5 164 29.515 112 70 16 98.1 0 0 0
2 62.5 139 25.016 111 63 -1 98.2 0 0 0
2 62.75 172 30.708 115 70 12 98.1 0 0 0
2 63 100 17.712 106 48 10 -1 0 0 0
2 63 169 29.934 104 64 12 98.7 1 0 0
1 63 141 24.974 120 80 16 -1 0 0 0
1 63 163 28.871 80 50 16 -1 0 0 0
2 63 170 30.111 118 73 16 97.8 1 0 0
2 63 169 29.934 140 80 16 97 0 0 0
1 63 144 25.506 120 60 16 -1 0 0 0
2 63 206 36.487 113 68 18 -1 0 0 0
2 63 220 38.967 120 80 18 -1 0 0 0
2 63 170 30.111 136 62 18 97.8 0 0 0
2 63 169 29.934 140 80 19 97.2 0 0 0
2 63 155 27.454 116 56 20 98.4 0 0 0
2 63 158 27.985 128 84 20 97.3 0 0 0
1 63 138 24.443 161 67 20 98.5 0 0 0
2 63 167 29.579 118 76 20 98.4 0 0 0
2 63 241 42.687 125 80 -1 -1 0 0 0
2 63 134 23.734 150 94 -1 99.4 0 0 0
2 63 158 27.985 148 76 -1 97.5 0 0 0
2 63 255 45.166 150 110 -1 99.4 0 0 0
2 63 186 32.945 134 62 -1 -1 1 0 0
2 63 186 32.945 140 80 -1 -1 0 0 0
2 63 100 17.712 116 80 -1 -1 0 0 0
2 63 157.6 27.915 124 76 -1 -1 0 0 0
2 63 158 27.985 120 64 -1 97.2 0 0 0
2 63 190 33.653 110 72 -1 97.2 0 0 0
1 63 184 32.591 120 84 -1 -1 0 0 0
2 63 167 29.579 100 81 -1 -1 0 0 0
2 63.2 106.2 18.692 110 76 18 -1 0 0 0
2 63.2 181.9 32.015 133 75 19 99.2 0 0 0
2 63.2 136.7 24.06 109 73 -1 -1 0 0 0
2 63.3 151 26.493 120 80 20 97.2 0 0 0
2 63.4 145 25.36 132 64 18 97.4 0 0 0
2 63.5 159 27.721 126 70 -1 -1 0 0 0
2 63.5 221 38.53 130 80 -1 97 0 0 0
2 63.5 167 29.116 116 68 -1 98.8 0 0 0
2 63.5 140 24.408 -1 -1 -1 -1 0 0 0
1 64 134 22.999 112 60 12 -1 0 0 0
2 64 180 30.894 150 90 15 98 0 0 0
2 64 176.6 30.31 122 83 16 97.3 0 0 0
2 64 178 30.55 116 70 16 95.4 0 0 0
2 64 109 18.708 136 74 16 98.4 0 0 0
2 64 193 33.125 118 74 16 97.6 0 0 0
2 64 122 20.939 108 64 16 95.3 0 0 0
2 64 191 32.781 148 80 16 98.1 0 0 0
2 64 153.8 26.397 105 76 16 -1 0 0 0
2 64 145 24.886 116 60 17 97.52 0 0 0
2 64 176 30.207 98 64 17 97.2 0 0 0
2 64 163 27.976 140 80 17 -1 0 0 0
2 64 168 28.834 195 118 18 97.5 0 0 0
2 64 276 47.37 132 100 18 98 0 0 0
2 64 179 30.722 128 84 20 97.7 0 0 0
1 64 176 30.207 150 80 20 96.5 1 0 0
2 64 160 27.461 100 80 20 98.4 0 0 0
2 64 181 31.065 142 78 22 98.3 0 0 0
2 64 191 32.781 145 94 -1 -1 0 0 0
2 64 185 31.752 120 60 -1 98.1 0 0 0
2 64 193 33.125 90 66 -1 -1 0 0 0
2 64 161 27.633 142 90 -1 -1 0 0 0
2 64 215 36.901 134 88 -1 97.7 0 0 0
2 64 146.2 25.092 120 78 -1 -1 0 0 0
2 64 176 30.207 -1 -1 -1 -1 0 0 0
2 64 120 20.596 118 78 -1 -1 0 0 0
2 64.5 191.5 32.36 102 76 12 99 1 0 0
2 64.5 181.5 30.67 118 70 12 98.2 1 0 0
2 64.5 247 41.738 98 60 16 97.4 0 0 0
1 64.5 168 28.389 136 88 16 98.2 0 0 0
2 64.5 141.2 23.86 119 70 18 97.5 0 0 0
1 64.5 130 21.967 80 40 20 97.5 0 0 0
2 64.5 176 29.741 112 78 20 98.2 0 0 0
2 64.5 137.2 23.184 112 76 -1 -1 0 0 0
2 64.5 148 25.009 106 62 -1 98 0 0 0
2 65 156 25.957 134 76 14 -1 0 0 0
1 65 207.5 34.526 115 65 14 97.4 0 0 0
2 65 145 24.127 110 70 16 -1 0 0 0
1 65 115.8 19.268 110 80 16 96.2 0 0 0
1 65 182 30.283 110 70 16 98.2 0 0 0
2 65 151 25.125 100 60 16 97 0 0 0
2 65 195 32.446 140 72 16 97.3 0 0 0
2 65 138 22.962 134 92 16 97.3 0 0 0
1 65 150 24.959 106 50 16 -1 0 0 0
2 65 132 21.964 130 90 16 95.1 0 0 0
2 65 121 20.133 130 80 16 -1 0 0 0
1 65 141 23.461 147 91 16 97.3 0 0 0
2 65 226 37.604 144 83 18 98.1 0 0 0
2 65 155 25.791 131 89 18 -1 0 0 0
2 65 201 33.444 130 70 18 97.2 0 0 0
2 65 128.6 21.398 120 82 18 -1 0 0 0
1 65 170.8 28.42 147 76 18 98.7 0 0 0
2 65 154 25.624 130 72 20 97.6 0 0 0
2 65 172 28.619 106 47 20 -1 0 0 0
2 65 260 43.262 110 70 20 -1 0 0 0
2 65 180 29.95 130 70 -1 -1 0 0 0
2 65 142 23.627 122 84 -1 -1 0 0 0
2 65 148 24.626 150 97 -1 97.4 0 0 0
1 65 172 28.619 138 90 -1 97.3 0 0 0
2 65 236 39.268 132 76 -1 98 0 0 0
2 65 194 32.28 116 68 -1 -1 1 0 0
2 65 163 27.122 -1 -1 -1 -1 1 0 0
2 65 197.8 32.912 142 88 -1 97.1 0 0 0
2 65 206 34.276 142 80 -1 97.2 0 0 0
1 65 136 22.629 108 62 -1 -1 0 0 0
2 65 132 21.964 138 76 -1 97.6 0 0 0
2 65 140.6 23.395 100 78 -1 -1 0 0 0
2 65 104 17.305 130 80 -1 -1 0 0 0
2 65.354 143.3 23.586 -1 -1 -1 -1 0 0 0
2 65.5 150 24.579 150 80 12 98.3 1 0 0
2 65.5 194 31.789 139 90 -1 98.3 0 0 0
2 65.6 204 33.326 170 90 16 97.8 0 0 0
1 66 122 19.689 136 84 12 98.6 0 0 0
2 66 140 22.594 116 88 15 -1 0 0 0
2 66 150 24.208 120 80 16 98 0 0 0
1 66 150 24.208 140 90 16 -1 1 0 0
2 66 166 26.79 120 90 16 97.6 0 0 0
2 66 125 20.173 100 60 16 97.4 0 0 0
1 66 174 28.081 140 60 16 -1 0 0 0
2 66 123 19.851 130 70 16 98.9 0 0 0
2 66 175 28.243 110 80 16 97.3 0 0 0
1 66 188 30.341 131 86 16 96.5 0 0 0
1 66 191.4 30.889 120 78 16 96.1 0 0 0
1 66 153 24.692 146 70 16 -1 0 0 0
2 66 141 22.756 110 70 16 98.9 0 0 0
2 66 128 20.657 130 68 16 96.9 0 0 0
2 66 151 24.369 130 70 16 97.7 0 0 0
1 66 181.5 29.292 144 90 18 98.2 0 0 0
1 66 223.5 36.07 108 78 18 98.8 0 0 0
2 66 174 28.081 134 68 18 94.4 0 0 0
2 66 250 40.347 133 79 18 97.8 0 0 0
1 66 162 26.145 128 80 20 96.7 0 0 0
2 66 146 23.562 151 73 20 97.5 0 0 0
2 66 152 24.531 110 60 20 97.1 0 0 0
1 66 152 24.531 130 90 20 98 0 0 0
2 66 180 29.05 136 84 20 96.8 1 0 0
2 66 178 28.727 110 70 20 97.6 0 0 0
2 66 195.4 31.535 116 80 20 96.8 0 0 0
2 66 264 42.606 140 80 20 97.4 0 0 0
2 66 205 33.084 110 80 26 98.6 4 0 0
2 66 208 33.568 128 78 -1 97.5 0 0 0
2 66 137.5 22.191 110 62 -1 97.6 3 0 0
2 66 198 31.955 120 82 -1 -1 0 0 0
2 66 231.8 37.409 152 96 -1 97.2 1 0 0
2 66 177 28.565 130 70 -1 -1 0 0 0
2 66 144 23.24 88 54 -1 99.3 0 0 0
2 66 263 42.445 147 95 -1 98.1 0 0 0
1 66 220 35.505 132 76 -1 97.2 1 0 0
1 66 149 24.047 112 72 -1 98 0 0 0
2 66 170.3 27.484 114 70 -1 -1 0 0 0
2 66 165 26.629 100 70 -1 98.1 0 0 0
1 66 188 30.341 110 74 -1 -1 1 0 0
1 66 257 41.476 132 86 -1 98.3 0 0 0
2 66 169.1 27.29 115 80 -1 -1 0 0 0
2 66.3 149.3 23.877 137 85 -1 98.9 1 0 0
1 66.5 184 29.25 132 76 16 98.2 0 0 0
2 66.5 179 28.455 130 72 18 97.7 1 0 0
2 66.8 149 23.474 111 80 14 98.5 0 0 0
2 67 262 41.031 120 82 12 97.7 0 0 0
1 67 215 33.67 139 82 12 -1 0 0 0
1 67 257 40.247 145 82 12 97.3 0 0 0
2 67 154 24.117 124 63 13 -1 0 0 0
1 67 182 28.502 138 73 14 -1 0 0 0
1 67 108 16.913 120 80 16 96.1 0 0 0
2 67 219 34.297 122 80 16 97.6 0 0 0
1 67 160 25.057 114 63 16 -1 0 0 0
1 67 220 34.453 128 60 16 98.3 0 0 0
2 67 131.6 20.609 104 58 16 97.1 0 0 0
2 67 164 25.683 120 68 16 97.5 0 0 0
2 67 200 31.321 130 82 16 98.2 0 0 0
1 67 176 27.562 126 83 16 98.1 0 0 0
1 67 221 34.61 131 66 18 98 1 0 0
2 67 119 18.636 121 71 18 97.7 0 0 0
2 67 130 20.359 112 58 18 98.1 0 0 0
2 67 248 38.838 110 80 18 -1 0 0 0
2 67 181 28.346 104 60 18 98.6 0 0 0
2 67 209 32.73 122 72 19 -1 0 0 0
2 67 197 30.851 140 96 20 97.6 0 0 0
1 67 214 33.513 130 78 20 96.4 0 0 0
2 67 220 34.453 -1 -1 -1 -1 0 0 0
1 67 235 36.802 125 80 -1 -1 1 0 0
1 67 201.5 31.556 136 80 -1 99.2 0 0 0
1 67 198 31.008 114 69 -1 -1 0 0 0
2 67 172 26.936 120 74 -1 97.6 0 0 0
2 67 168 26.31 128 84 -1 99.3 1 0 0
1 67 149 23.334 130 90 -1 -1 0 0 0
1 67 165 25.84 102 60 -1 -1 0 0 0
1 67 200 31.321 212 114 -1 -1 0 0 0
2 67 240 37.585 130 70 -1 97.6 0 0 0
2 67 192.9 30.209 117 78 -1 -1 0 0 0
2 67 108 16.913 150 70 -1 -1 0 0 0
2 67 217 33.983 120 59 -1 97.4 0 0 0
2 67 210.9 33.028 145 89 -1 -1 0 0 0
1 67 194.8 30.507 144 88 -1 -1 0 0 0
1 67 152 23.804 124 80 -1 98.6 1 0 0
2 67.5 143.8 22.187 130 80 14 98.1 0 0 0
2 67.5 158 24.378 94 62 -1 98 0 0 0
1 67.6 164.6 25.322 149 106 18 -1 0 0 0
2 68 294 44.698 126 68 12 97.8 0 0 0
2 68 158 24.021 122 80 12 -1 0 0 0
1 68 133.5 20.296 127 73 14 -1 0 0 0
1 68 210 31.927 128 78 14 96.4 0 0 0
1 68 218 33.143 167 100 14 98.2 0 0 0
2 68 142.6 21.68 130 80 16 94 0 0 0
2 68 287 43.633 140 80 16 97.8 0 0 0
2 68 233 35.424 120 80 16 98.4 0 0 0
1 68 204 31.015 130 84 16 98.3 0 0 0
1 68 150 22.805 130 72 16 -1 0 0 0
1 68 194 29.494 115 77 16 97.1 0 0 0
2 68 131 19.916 108 75 16 97.8 0 0 0
2 68 140 21.285 90 60 16 99.9 0 0 0
1 68 135 20.524 136 64 16 -1 0 0 0
1 68 212 32.231 132 84 18 97.3 0 0 0
1 68 195 29.646 163 94 18 98 0 0 0
1 68 194.8 29.616 138 90 20 -1 0 0 0
1 68 195 29.646 120 80 20 96.4 1 0 0
1 68 192 29.19 110 60 20 97.6 1 0 0
2 68 241 36.64 123 74 20 98.2 1 4 0
2 68 128.4 19.521 113 71 -1 98.4 0 0 0
2 68 166.8 25.359 -1 -1 -1 -1 1 0 0
1 68 156 23.717 122 72 -1 97.9 0 0 0
2 68 158 24.021 -1 -1 -1 -1 0 0 0
2 68 203.8 30.984 122 80 -1 -1 0 0 0
2 68 233.6 35.515 103 72 -1 -1 0 0 0
2 68 132 20.068 112 87 -1 -1 0 0 0
2 68 166.4 25.298 120 80 -1 -1 0 0 0
1 68 159 24.173 123 78 -1 -1 0 0 0
1 68 156 23.717 126 64 -1 -1 0 0 0
1 68 224 34.055 132 86 -1 98.4 1 0 0
1 68 135.5 20.6 136 78 -1 -1 0 0 0
2 68 161.4 24.538 108 70 -1 -1 0 0 0
1 68.2 166.1 25.105 132 88 18 -1 0 0 0
1 68.5 173 25.919 140 70 14 98.1 0 0 0
2 68.5 216 32.361 122 78 16 -1 0 0 0
1 68.5 158 23.672 120 76 -1 98.5 0 0 0
1 69 205 30.27 110 80 12 98.6 0 0 0
1 69 205 30.27 140 90 12 -1 3 0 0
1 69 144 21.263 120 80 12 97.9 0 0 0
1 69 147.5 21.78 132 88 12 97.9 0 0 0
1 69 216 31.894 110 74 14 -1 0 0 0
1 69 180 26.578 137 73 15 -1 0 0 0
2 69 278 41.049 127 75 16 98.7 0 0 0
1 69 186 27.464 116 70 16 97.2 0 0 0
2 69 228.6 33.755 110 80 16 97.6 0 0 0
1 69 213.011 31.453 110 70 16 98.3 0 0 0
1 69 262.4 38.745 168 94 16 94.3 0 0 0
1 69 188 27.76 110 70 16 98.2 0 0 0
1 69 232.6 34.345 128 90 16 94.1 0 0 0
1 69 189 27.907 126 78 16 -1 0 0 0
2 69 160 23.625 129 82 17 98.5 0 0 0
1 69 234 34.552 170 70 17 97.2 0 0 0
1 69 231 34.109 140 80 18 -1 0 0 0
1 69 175 25.84 130 60 18 98 0 0 0
1 69 176 25.988 156 84 20 98.1 0 0 0
1 69 159 23.478 120 70 20 97.9 0 0 0
1 69 170 25.102 162 76 20 97 0 0 0
1 69 297 43.854 130 72 20 96.3 1 0 0
1 69 217 32.042 140 92 20 96.9 0 0 0
2 69 228 33.666 119 73 20 97.4 0 0 0
2 69 190 28.055 120 82 21 96 0 0 0
1 69 194 28.646 92 80 24 96.9 0 0 0
1 69 254 37.505 160 120 27 -1 0 0 0
2 69 174 25.693 138 90 -1 -1 0 0 0
1 69 177.5 26.209 100 70 -1 -1 0 0 0
1 69 155 22.887 112 62 -1 -1 0 0 0
1 69 220 32.485 149 81 -1 -1 0 0 0
1 69 241 35.586 108 62 -1 -1 0 0 0
2 69 108 15.947 120 80 -1 -1 0 0 0
1 69 132 19.491 106 60 -1 -1 0 0 0
1 69 245 36.176 128 90 -1 -1 1 0 0
1 69.016 158.953 23.46 120 80 -1 98.42 0 0 0
1 69.5 178 25.906 130 76 12 -1 0 0 0
1 69.5 193 28.089 130 80 16 98 0 0 0
1 70 255 36.585 150 90 12 -1 0 0 0
1 70 189 27.116 123 83 16 98.4 0 0 0
1 70 236.6 33.945 148 88 16 97.3 0 0 0
1 70 194 27.833 90 70 16 -1 0 0 0
1 70 255 36.585 130 90 16 98.1 0 0 0
2 70 203 29.124 122 75 16 98.1 0 0 0
1 70 159.8 22.926 109 83 16 97.8 0 0 0
1 70 240 34.433 147 98 16 98.2 0 0 0
1 70 268 38.45 96 54 16 98.6 1 0 0
1 70 232 33.285 110 64 16 98.6 0 0 0
2 70 225 32.281 121 72 18 -1 0 0 0
1 70 187 26.829 121 84 18 -1 0 0 0
1 70 173.4 24.878 117 83 18 95.9 0 0 0
1 70 252 36.154 130 84 18 97.8 0 0 0
1 70 241 34.576 110 70 20 98.3 0 0 0
1 70 175 25.107 128 82 20 -1 0 0 0
1 70 231 33.141 116 64 20 97 1 0 0
1 70 216 30.989 120 83 20 98 0 0 0
1 70 152 21.807 105 70 -1 -1 0 0 0
1 70 236 33.859 120 74 -1 97.9 0 0 0
1 70 217 31.133 104 91 -1 -1 0 0 0
1 70 152.6 21.893 130 68 -1 -1 0 0 0
2 70 319 45.767 110 74 -1 98 0 0 0
1 70 216 30.989 128 74 -1 98.1 0 0 0
1 70 223.4 32.051 128 64 -1 96.2 0 0 0
1 70.5 210 29.703 150 76 16 -1 0 0 0
1 70.5 161.4 22.829 113 74 18 98.2 0 0 0
1 70.5 139 19.66 130 90 -1 98.1 0 0 0
1 70.5 0 0 120 72 -1 98.2 0 0 0
1 71 193 26.915 110 70 12 -1 0 0 0
1 71 196 27.333 110 70 15 -1 0 0 0
1 71 230.4 32.131 124 78 16 95.8 0 0 0
1 71 167 23.289 92 50 16 -1 0 0 0
1 71 231.8 32.326 112 66 18 94.1 0 0 0
2 71 201 28.031 153 89 20 97.2 0 0 0
1 71 220 30.68 120 90 -1 98 0 0 0
1 71 304 42.395 166 87 -1 98.6 0 0 0
2 71 211 29.425 123 82 -1 -1 0 0 0
1 71 252 35.143 140 92 -1 -1 0 0 0
2 71 244 34.027 122 64 -1 -1 0 0 0
1 71.5 176 24.202 110 76 -1 96.4 0 0 0
1 71.5 205 28.19 125 75 -1 -1 0 0 0
1 71.8 233.5 31.841 184 88 16 98.1 0 0 0
1 72 138 18.714 134 82 12 -1 0 0 0
1 72 195 26.444 137 73 12 98.2 0 0 0
1 72 160 21.698 149 62 12 98.2 0 0 0
1 72 174 23.596 115 60 14 -1 0 0 0
1 72 308 41.768 160 84 16 97.6 0 0 0
1 72 210 28.478 114 72 16 97.9 0 0 0
1 72 213 28.885 148 80 16 -1 0 0 0
1 72 170.4 23.108 110 80 16 -1 0 0 0
1 72 225 30.512 128 86 16 -1 0 0 0
1 72 206 27.936 142 90 16 98.6 0 0 0
1 72 213.2 28.912 140 80 16 -1 0 0 0
1 72 221 29.97 152 90 16 -1 0 0 0
1 72 213 28.885 130 90 17 98.3 0 0 0
1 72 197 26.715 118 76 18 98.2 0 0 0
1 72 270 36.615 115 75 18 -1 0 0 0
1 72 171 23.189 138 88 20 96.9 0 0 0
1 72 281 38.106 150 86 20 96.6 1 0 0
1 72 193.6 26.254 122 78 20 -1 0 0 0
1 72 279 37.835 142 92 24 -1 7 0 0
1 72 182 24.681 122 84 -1 97.8 0 0 0
1 72 259 35.123 150 79 -1 -1 0 0 0
2 72 221.5 30.038 -1 -1 -1 -1 0 0 0
1 72 194 26.308 120 78 -1 -1 0 0 0
1 72 152 20.613 127 75 -1 -1 0 0 0
1 72 201.6 27.339 108 72 -1 -1 0 0 0
1 72 277 37.564 122 70 -1 -1 1 0 0
1 73 207 27.307 120 80 16 -1 0 0 0
1 73 213 28.099 140 88 16 97.3 0 0 0
1 73 228 30.078 128 80 16 -1 0 0 0
1 73 234 30.869 132 88 18 -1 0 0 0
1 73 273 36.014 128 84 20 97 0 0 0
1 73 236 31.133 140 80 20 97.6 0 0 0
1 73 249.2 32.874 118 78 -1 96.8 0 0 0
1 73 226 29.814 100 60 -1 99.3 0 0 0
1 73.25 185 24.239 125 87 -1 -1 0 0 0
1 74 268 34.405 110 80 16 97.7 0 0 0
1 74 228 29.27 100 64 18 -1 0 0 0
1 74 215 27.601 122 68 -1 -1 0 0 0
1 75 288 35.994 140 70 18 98.1 0 0 0
1 75 270 33.744 126 70 20 97.8 0 0 0
1 75 290 36.244 148 90 20 97.4 0 0 0
1 75 298 37.243 140 80 20 97.1 1 0 0
1 75 270 33.744 112 84 22 97.6 0 0 0
1 75 266.2 33.269 162 80 24 -1 0 0 0
1 76 0 0 142 82 16 98.3 0 0 0
1 77 229.6 27.224 120 84 -1 95.7 0 0 0
2 -1 0 0 120 80 11 98.2 1 0 0
2 -1 0 0 130 80 12 -1 0 0 0
2 -1 0 0 108 70 12 96.5 1 0 0
2 -1 185 0 120 80 12 98.6 0 0 0
1 -1 0 0 138 86 12 98.6 0 0 0
1 -1 0 0 148 96 12 -1 0 0 0
1 -1 298 0 104 60 12 -1 0 0 0
2 -1 0 0 130 78 12 98.8 0 0 0
2 -1 206.2 0 132 80 14 98.3 0 0 0
2 -1 153 0 150 80 14 -1 1 0 0
1 -1 267 0 126 88 14 -1 0 0 0
2 -1 176 0 120 78 14 98.3 0 0 0
1 -1 0 0 146 78 14 98.6 1 0 0
2 -1 157 0 124 58 14 -1 0 0 0
1 -1 213 0 122 87 14 -1 0 0 0
2 -1 157 0 145 78 14 -1 0 0 0
2 -1 205.8 0 119 86 14 97.7 0 0 0
1 -1 148 0 132 77 14 98.3 0 0 0
1 -1 131.4 0 -1 -1 14 98.7 0 0 0
2 -1 0 0 144 90 14 -1 0 0 0
1 -1 302 0 122 90 14 98.2 0 0 0
2 -1 0 0 142 92 14 96.9 0 0 0
2 -1 185 0 119 83 15 -1 0 0 0
2 -1 137 0 140 70 16 -1 0 0 0
1 -1 160 0 148 60 16 -1 1 0 0
2 -1 192.8 0 140 86 16 98.7 0 0 0
2 -1 0 0 125 75 16 97.8 0 0 0
2 -1 145 0 132 85 16 -1 0 0 0
1 -1 0 0 120 60 16 -1 0 0 0
2 -1 147 0 130 70 16 -1 0 0 0
1 -1 149 0 70 30 16 -1 0 0 0
1 -1 0 0 141 85 16 -1 0 0 0
2 -1 138 0 129 82 16 -1 0 0 0
2 -1 0 0 110 70 16 98.4 0 0 0
2 -1 0 0 106 62 16 -1 0 0 0
2 -1 157 0 122 84 16 98.2 0 0 0
2 -1 137 0 121 76 16 97.2 0 0 0
1 -1 259 0 133 84 16 98.2 0 0 0
2 -1 150 0 110 72 16 -1 1 0 0
1 -1 199 0 178 85 16 98.2 0 0 0
2 -1 0 0 140 86 16 -1 0 0 0
1 -1 0 0 152 92 16 97.6 0 0 0
2 -1 0 0 119 81 16 -1 0 0 0
1 -1 0 0 -1 -1 16 98.2 0 0 0
2 -1 184 0 120 70 16 98.2 0 0 0
2 -1 0 0 -1 -1 16 98.2 0 0 0
1 -1 0 0 118 71 17 -1 0 0 0
1 -1 0 0 139 77 18 -1 0 0 0
2 -1 148 0 140 80 18 -1 0 0 0
1 -1 219 0 131 78 18 97.7 0 0 0
2 -1 152 0 116 80 18 -1 0 0 0
1 -1 202.2 0 98 60 18 98.1 0 0 0
2 -1 186 0 110 68 18 -1 1 0 0
1 -1 291 0 136 74 18 96.5 0 0 0
2 -1 211.8 0 160 92 18 -1 0 0 0
2 -1 210.6 0 148 68 18 99.3 0 0 0
1 -1 141 0 131 83 18 98.6 0 0 0
2 -1 163 0 111 75 18 97.3 0 0 0
2 -1 0 0 121 65 18 -1 0 0 0
2 -1 158 0 136 60 18 96.9 0 0 0
2 -1 0 0 138 85 18 -1 0 0 0
2 -1 0 0 150 68 18 -1 0 0 0
2 -1 0 0 116 81 18 97.8 0 0 0
1 -1 140 0 128 54 18 -1 0 0 0
2 -1 0 0 -1 -1 18 98.7 0 0 0
1 -1 0 0 130 80 18 -1 6 0 0
1 -1 235 0 118 70 18 -1 0 0 0
2 -1 186 0 167 87 18 -1 0 0 0
2 -1 0 0 112 70 18 97.7 0 0 0
2 -1 0 0 110 60 18 98 0 0 0
2 -1 0 0 124 78 18 98.3 0 0 0
2 -1 0 0 148 82 18 -1 0 0 0
1 -1 290 0 160 92 18 98.2 0 0 0
1 -1 0 0 136 87 19 -1 0 0 0
2 -1 0 0 110 70 19 98.9 0 0 0
2 -1 170 0 118 60 19 97.6 0 0 0
1 -1 0 0 125 80 20 97.6 0 0 0
1 -1 221 0 126 83 20 98 0 0 0
2 -1 156 0 154 90 20 -1 0 0 0
2 -1 0 0 109 74 20 98.2 0 0 0
1 -1 176 0 140 66 20 -1 0 0 0
1 -1 245 0 188 108 20 98 0 0 0
2 -1 166 0 113 73 20 -1 0 0 0
1 -1 0 0 124 82 20 97.9 0 0 0
1 -1 0 0 120 80 22 -1 0 0 0
1 -1 0 0 122 88 22 96.4 0 0 0
1 -1 0 0 75 56 22 -1 0 0 0
2 -1 120 0 100 80 -1 -1 0 0 0
1 -1 0 0 125 87 -1 -1 0 0 0
1 -1 179 0 113 79 -1 98.1 0 0 0
1 -1 210 0 132 80 -1 97.6 0 0 0
2 -1 256 0 90 60 -1 -1 131073 0 0
2 -1 129 0 136 92 -1 97.5 0 0 0
2 -1 139 0 120 62 -1 97.2 0 0 0
1 -1 137.2 0 142 58 -1 -1 0 0 0
2 -1 0 0 128 78 -1 -1 0 0 0
1 -1 162 0 110 70 -1 -1 0 0 0
2 -1 128 0 94 60 -1 -1 0 0 0
2 -1 0 0 149 87 -1 98.3 0 0 0
1 -1 215.2 0 118 76 -1 -1 0 0 0
2 -1 0 0 136 90 -1 -1 0 0 0
1 -1 0 0 129 76 -1 -1 0 0 0
1 -1 305 0 136 78 -1 -1 0 0 0
2 -1 213.4 0 123 82 -1 -1 0 0 0
2 -1 208 0 128 78 -1 -1 0 0 0
2 -1 0 0 161 84 -1 97 0 0 0
2 -1 0 0 -1 -1 -1 97.9 0 0 0
2 -1 0 0 161 81 -1 -1 0 0 0
2 -1 0 0 122 60 -1 97.7 0 0 0
1 -1 0 0 141 73 -1 97.1 0 0 0
1 -1 0 0 130 78 -1 97.1 0 0 0
2 -1 0 0 148 87 -1 -1 0 0 0
2 -1 119 0 -1 -1 -1 -1 0 0 0
2 -1 120 0 112 85 -1 90 0 0 0
1 -1 208 0 122 56 -1 97.9 0 0 0
2 -1 145 0 -1 -1 -1 -1 0 0 0
1 -1 236.2 0 125 63 -1 -1 0 0 0
1 -1 0 0 128 78 -1 -1 0 0 0
2 -1 219.6 0 103 79 -1 -1 0 0 0
2 -1 217.4 0 145 78 -1 -1 0 0 0
2 -1 0 0 128 76 -1 98.7 0 0 0
2 -1 0 0 113 78 -1 97.4 0 0 0
1 -1 0 0 110 70 -1 -1 0 0 0
2 -1 160 0 114 68 -1 -1 0 0 0
1 -1 0 0 132 70 -1 -1 0 0 0
1 -1 0 0 100 70 -1 -1 0 0 0
1 -1 0 0 140 80 -1 -1 0 0 0
1 -1 0 0 120 80 -1 -1 0 0 0
2 -1 136 0 120 80 -1 -1 0 0 0
2 -1 0 0 145 80 -1 -1 0 0 0
1 -1 0 0 -1 -1 -1 97.2 0 0 0
1 -1 0 0 98 60 -1 -1 1 0 0
2 -1 0 0 122 60 -1 -1 0 0 0
2 -1 0 0 125 73 -1 97.6 0 0 0
2 -1 204.6 0 153 94 -1 97.7 0 0 0
2 -1 0 0 113 84 -1 -1 0 0 0
2 -1 176 0 160 80 -1 98 0 0 0
1 -1 231.2 0 124 87 -1 -1 0 0 0
2 -1 0 0 106 60 -1 -1 0 0 0
2 -1 0 0 132 80 -1 -1 0 0 0
2 -1 129 0 122 70 -1 -1 0 0 0
2 -1 125.4 0 -1 -1 -1 97.4 0 0 0
1 -1 177 0 116 92 -1 -1 0 0 0
2 -1 0 0 127 69 -1 97.2 0 0 0
2 -1 0 0 89 62 -1 97.8 0 0 0
1 -1 154.6 0 134 65 -1 97 0 0 0
2 -1 205 0 120 76 -1 -1 0 0 0
2 -1 135 0 132 90 -1 -1 1 0 0
1 -1 216 0 152 76 -1 98.6 0 0 0
2 -1 123 0 120 70 -1 -1 0 0 0
2 -1 0 0 124 78 -1 -1 0 0 0
2 -1 196 0 90 74 -1 97.4 0 0 0
1 -1 0 0 120 60 -1 -1 0 0 0
2 -1 0 0 124 68 -1 -1 0 0 0
2 -1 161 0 -1 -1 -1 -1 0 0 0
1 -1 0 0 110 60 -1 98.3 0 0 0
2 -1 157 0 143 99 -1 97.3 0 0 0
2 -1 0 0 107 73 -1 98.3 0 0 0
2 -1 0 0 140 70 -1 -1 0 0 0
2 -1 0 0 -1 -1 -1 96.9 0 0 0
1 -1 0 0 135 70 -1 -1 0 0 0
2 -1 124 0 103 74 -1 98.1 0 0 0
1 -1 308 0 140 70 -1 -1 0 0 0
1 -1 0 0 174 81 -1 -1 0 0 0
2 -1 0 0 116 73 -1 97.8 0 0 0
1 -1 261.027 0 120 65 -1 -1 0 0 0
1 -1 128 0 120 72 -1 97.2 1 0 0
2 -1 132 0 135 86 -1 99.2 0 0 0
1 -1 0 0 112 68 -1 -1 0 0 0
2 -1 114 0 128 91 -1 -1 0 0 0
1 -1 179 0 -1 -1 -1 -1 4 0 0
2 -1 0 0 148 88 -1 -1 0 0 0
2 -1 207 0 152 98 -1 99 0 0 0
2 -1 0 0 98 58 -1 -1 0 0 0
2 -1 0 0 112 68 -1 -1 1 0 0
1 -1 0 0 120 60 -1 98 0 0 0
2 -1 214 0 142 80 -1 -1 0 0 0
1 -1 0 0 145 80 -1 -1 1 0 0
1 -1 0 0 133 79 -1 -1 0 0 0
2 -1 151 0 170 95 -1 -1 0 0 0
2 -1 0 0 107 72 -1 -1 0 0 0
2 -1 221 0 123 81 -1 98.6 0 0 0
2 -1 0 0 140 90 -1 -1 0 0 0
2 -1 202 0 108 60 -1 -1 1 0 0
2 -1 210 0 116 72 -1 -1 0 0 0
1 -1 0 0 164 112 -1 98 0 0 0
2 -1 0 0 109 73 -1 97 0 0 0
2 -1 154 0 108 80 -1 98.3 0 0 0
1 -1 200 0 -1 -1 -1 -1 0 0 0
1 -1 0 0 104 67 -1 -1 1 0 0
1 -1 0 0 156 96 -1 97.4 0 0 0
1 -1 0 0 138 88 -1 -1 0 0 0
2 -1 119 0 114 70 -1 -1 0 0 0
2 -1 0 0 150 70 -1 -1 0 0 0
2 -1 0 0 122 76 -1 -1 0 0 0
2 -1 0 0 92 54 -1 -1 0 0 0
2 -1 195 0 120 80 -1 -1 1 0 0
1 -1 189 0 130 80 -1 97.4 0 0 0
2 -1 0 0 118 64 -1 -1 0 0 0
1 -1 134 0 -1 -1 -1 -1 0 0 0
2 -1 0 0 127 67 -1 -1 0 0 0
1 -1 0 0 128 80 -1 97.2 0 0 0
2 -1 0 0 126 86 -1 -1 0 0 0
1 -1 0 0 116 82 -1 -1 0 0 0
2 -1 146 0 134 70 -1 -1 0 0 0
2 -1 126.8 0 142 60 -1 -1 0 0 0
2 -1 0 0 115 80 -1 98.7 1 0 0
2 -1 205 0 -1 -1 -1 -1 1 0 0
2 -1 0 0 130 74 -1 96.5 1 0 0
2 -1 0 0 144 64 -1 -1 1 0 0
2 -1 0 0 142 76 -1 -1 0 0 0
2 -1 0 0 105 80 -1 -1 0 0 0
1 -1 0 0 140 70 -1 -1 0 0 0
2 -1 150 0 123 72 -1 -1 0 0 0
1 -1 0 0 142 86 -1 -1 0 0 0
2 -1 0 0 112 80 -1 -1 0 0 0
1 -1 0 0 140 60 -1 -1 0 0 0
2 -1 0 0 121 58 -1 -1 0 0 0
2 -1 205 0 130 70 -1 -1 0 0 0
1 -1 0 0 142 84 -1 -1 0 0 0
1 -1 0 0 140 72 -1 -1 0 0 0
2 -1 0 0 104 60 -1 -1 0 0 0
1 -1 0 0 120 70 -1 -1 0 0 0
2 -1 100 0 148 70 -1 -1 0 0 0
2 -1 0 0 124 74 -1 97.8 0 0 0
1 -1 0 0 100 70 -1 -1 0 0 0
2 -1 0 0 118 90 -1 -1 0 0 0
2 -1 112 0 140 70 -1 -1 0 0 0
2 -1 0 0 -1 -1 -1 97.7 0 0 0
2 -1 191.8 0 122 87 -1 -1 0 0 0
1 -1 0 0 130 70 -1 -1 0 0 0
2 49.5 143 41.028 102 68 12 97.6 0 0 1
2 54 205 49.422 110 70 15 97.4 0 0 1
2 54 205 49.422 110 70 15 97.4 0 0 1
2 54 205 49.422 120 79 15 97.9 0 0 1
2 56 128 28.694 110 70 16 97.8 0 0 1
2 56 121 27.125 106 62 16 98.2 0 0 1
2 56 121 27.125 106 62 16 98.2 0 0 1
2 56 117 26.228 140 70 16 98.2 0 0 1
2 59 240 48.469 120 70 16 98.3 0 0 1
2 59 139 28.072 130 76 16 -1 0 0 1
2 59 137 27.668 110 60 16 98.4 0 0 1
2 59 287 57.961 140 90 24 97.9 0 0 1
2 59 289 58.365 180 100 -1 97.21 1 0 1
2 59 289 58.365 180 100 -1 97.21 1 0 1
2 59 289 58.365 180 100 -1 97.21 1 0 1
2 59.5 141 27.999 91 70 15 97.3 0 0 1
2 59.5 141 27.999 91 70 15 97.3 0 0 1
2 60 147 28.706 140 70 16 98 0 0 1
2 60 188 36.712 148 80 18 98.4 1 0 1
2 60 187 36.517 130 80 18 98 0 0 1
2 60 205.2 40.071 120 74 18 94.9 0 0 1
2 60 193 37.689 114 76 -1 97.3 0 0 1
2 60 193 37.689 114 76 -1 97.3 0 0 1
2 61 216 40.808 132 74 12 -1 0 0 1
2 61 216 40.808 132 74 12 -1 0 0 1
2 61 142 26.828 162 73 16 97.4 0 0 1
2 61 140 26.45 128 60 16 98.4 0 0 1
2 61 140 26.45 128 60 16 98.4 0 0 1
2 61 137 25.883 164 79 16 -1 0 0 1
2 61 137 25.883 168 92 16 97.1 0 0 1
2 61 140 26.45 168 86 16 -1 0 0 1
2 61 142 26.828 162 73 16 97.4 0 0 1
2 61 140 26.45 168 86 16 -1 0 0 1
2 61 135 25.505 181 86 16 97.6 0 0 1
2 61 135 25.505 181 86 16 97.6 0 0 1
2 61 137 25.883 164 79 16 -1 0 0 1
2 61 125 23.616 160 60 18 98.7 0 0 1
2 61 125 23.616 177 86 18 99.2 0 0 1
2 61 113 21.349 175 93 18 98.2 0 0 1
2 61 113 21.349 170 80 18 97.6 0 0 1
2 61 150.2 28.377 92 52 18 97.1 0 0 1
2 61 138 26.072 164 83 18 97.4 0 0 1
2 61 138 26.072 192 84 18 98.4 0 0 1
2 61 118 22.293 152 84 18 99 0 0 1
2 61 138 26.072 164 83 18 97.4 0 0 1
2 61 140 26.45 200 90 18 97.5 0 0 1
2 61 234 44.209 135 75 18 97 0 0 1
2 61 125 23.616 163 83 18 -1 0 0 1
2 61 125 23.616 160 60 18 98.7 0 0 1
2 61 150.2 28.377 92 52 18 97.1 0 0 1
2 61 223 42.131 142 74 -1 -1 0 0 1
2 61 223 42.131 142 74 -1 -1 0 0 1
2 61 220 41.564 142 80 -1 -1 0 0 1
2 62 165 30.176 145 80 12 -1 0 0 1
2 62 138 25.238 165 77 16 97.6 0 0 1
2 62 207.8 38.003 122 86 16 97.6 0 0 1
2 62 207 37.857 116 60 16 96.9 0 0 1
2 62 137 25.055 160 98 16 98.4 0 0 1
2 62 138 25.238 180 80 16 97.6 0 0 1
2 62 214.6 39.247 130 70 16 97.4 1 0 1
2 62 202 36.942 120 80 16 97.2 0 0 1
2 62 202 36.942 120 80 16 97.2 0 0 1
2 62 202 36.942 120 80 16 97.2 0 0 1
2 62 207 37.857 116 60 16 96.9 0 0 1
2 62 207 37.857 116 60 16 96.9 0 0 1
2 62 130 23.775 139 75 18 97.5 0 0 1
2 62 125 22.86 146 96 18 98.6 0 0 1
2 62 125 22.86 146 96 18 98.6 0 0 1
2 62 111 20.3 150 80 20 97.4 0 0 1
2 62 128 23.409 160 80 20 98.3 0 0 1
2 62 137 25.055 160 100 20 98.3 0 0 1
2 62 116 21.214 144 80 20 97.5 0 0 1
2 62 204 37.308 144 80 -1 -1 0 0 1
2 62 206 37.674 148 92 -1 -1 0 0 1
2 62.5 196 35.274 141 98 16 97.8 0 0 1
2 63 251 44.458 128 74 16 -1 0 0 1
2 63 295.7 52.375 130 100 16 93.8 0 0 1
2 63 251 44.458 110 50 16 99.4 0 0 1
2 63 244 43.218 140 98 16 97.5 0 0 1
2 63 251 44.458 110 50 16 99.4 0 0 1
2 63 240 42.509 142 86 16 98.8 0 0 1
2 63 295.7 52.375 130 100 16 93.8 0 0 1
2 63 251 44.458 128 74 16 -1 0 0 1
2 63 270 47.823 100 80 16 97.3 0 0 1
2 63 248 43.926 180 84 16 99 0 0 1
2 63 251 44.458 110 50 16 99.4 0 0 1
2 63 251 44.458 100 80 16 98.2 0 0 1
2 63 295.6 52.357 122 82 17 98.1 0 0 1
2 63 198 35.07 160 80 18 98.2 0 0 1
2 63 294.2 52.11 128 78 18 98.5 0 0 1
2 63 294.2 52.11 128 78 18 98.5 0 0 1
2 63 198 35.07 160 80 18 98.2 0 0 1
1 63 179 31.705 120 62 -1 -1 0 0 1
2 63.5 171 29.813 133 67 16 98.3 0 0 1
2 63.5 171 29.813 133 67 16 98.3 0 0 1
2 63.5 166 28.941 121 67 20 98.1 0 0 1
2 63.5 168 29.29 153 72 20 98.1 0 0 1
2 63.5 162 28.244 128 85 -1 96.8 1 0 1
2 63.5 225 39.227 132 78 -1 -1 0 0 1
2 63.75 183 31.655 100 70 16 97.8 1 0 1
2 63.75 183 31.655 100 70 16 97.8 1 0 1
2 64 113 19.394 110 60 14 98.2 0 0 1
1 64 178 30.55 124 68 16 98.4 0 0 1
2 64 236 40.505 120 85 16 -1 0 0 1
1 64 176 30.207 140 80 16 98.3 0 0 1
2 64 230 39.475 150 80 16 98.2 0 0 1
1 64 176 30.207 140 80 16 98.3 0 0 1
2 64 232 39.818 143 75 16 98.4 1 0 1
1 64 178 30.55 124 68 16 98.4 0 0 1
2 64 112 19.223 110 72 16 97.9 0 0 1
2 64 236 40.505 120 85 16 -1 0 0 1
2 64 230 39.475 150 80 16 98.2 0 0 1
1 64 176 30.207 140 80 16 98.3 0 0 1
2 64 241.6 41.466 162 92 18 98.2 0 0 1
1 64 239 41.02 166 80 20 97.2 0 0 1
1 64 243.8 41.844 138 65 20 -1 0 0 1
1 64 239 41.02 166 80 20 97.2 0 0 1
1 64 174 29.864 134 89 -1 -1 0 0 1
2 64 195 33.468 162 88 -1 -1 0 0 1
1 64.5 187 31.599 144 90 -1 97 0 0 1
2 65 203 33.777 118 80 14 98.8 0 0 1
2 65 203 33.777 118 80 14 98.8 0 0 1
2 65 232 38.603 130 80 14 95.5 0 0 1
2 65 232 38.603 130 80 14 95.5 0 0 1
2 65 245.4 40.832 130 80 16 97.4 0 0 1
2 65 208.5 34.692 110 80 16 98 0 0 1
2 65 199.5 33.195 122 80 16 95 0 0 1
2 65 128 21.298 102 70 16 98.6 0 0 1
2 65 0 0 132 86 16 98 0 0 1
2 65 245.4 40.832 130 80 16 97.4 0 0 1
2 65 199.5 33.195 122 80 16 95 0 0 1
2 65 208.5 34.692 110 80 16 98 0 0 1
2 65 259 43.095 132 82 18 -1 0 0 1
2 65 265 44.093 128 84 18 97.3 0 0 1
2 65 265 44.093 128 84 18 97.3 0 0 1
2 65 0 0 132 83 18 98 0 0 1
2 65 0 0 123 74 20 99.3 0 0 1
2 65 0 0 128 73 20 98.3 0 0 1
2 65 0 0 133 86 20 -1 0 0 1
2 65 0 0 128 73 20 98.3 0 0 1
2 65 0 0 144 73 24 98.6 0 0 1
2 65 0 0 144 73 24 98.6 0 0 1
1 65 150 24.959 140 70 -1 -1 0 0 1
2 65 143 23.794 -1 -1 -1 -1 0 0 1
1 65 185 30.782 120 80 -1 -1 0 0 1
2 65 246 40.932 130 80 -1 -1 0 0 1
2 65 96.1 15.99 104 84 -1 95.3 0 0 1
2 65 143 23.794 -1 -1 -1 -1 0 0 1
1 65.5 130 21.302 133 83 16 97.2 0 0 1
2 66 204 32.923 144 90 12 97.8 0 0 1
2 66 164 26.467 128 77 16 98.9 0 0 1
2 66 164 26.467 128 77 16 98.9 0 0 1
2 66 202.8 32.729 130 70 16 96.9 0 0 1
1 66 154 24.854 142 110 16 99.1 0 0 1
2 66 201.8 32.568 124 70 16 -1 0 0 1
1 66 156 25.176 130 76 16 -1 0 0 1
2 66 201.8 32.568 124 70 16 -1 0 0 1
1 66 150 24.208 130 60 16 98.3 0 0 1
2 66 189.4 30.567 130 84 17 97.6 0 0 1
1 66 274 44.22 120 70 18 98 0 0 1
1 66 171 27.597 116 68 -1 96.3 1 0 1
1 66 171.6 27.694 160 78 -1 97.4 0 0 1
1 66 170 27.436 128 68 -1 96.6 1 0 1
1 66 171.6 27.694 160 78 -1 97.4 0 0 1
1 66 171 27.597 116 68 -1 96.3 1 0 1
1 66 173.8 28.049 96 58 -1 97.3 0 0 1
2 66 141.5 22.836 116 74 -1 -1 1 0 1
1 66 171 27.597 116 68 -1 96.3 1 0 1
1 66 170.6 27.533 130 74 -1 96.7 1 0 1
2 66 235 37.926 114 70 -1 -1 0 0 1
1 66 171 27.597 116 68 -1 96.3 1 0 1
1 66 170 27.436 128 68 -1 96.6 1 0 1
1 66 173.8 28.049 96 58 -1 97.3 0 0 1
1 66 170 27.436 128 68 -1 96.6 1 0 1
1 66 172.2 27.791 144 78 -1 97.2 0 0 1
1 66 169.8 27.403 132 78 -1 96.2 1 0 1
2 66.5 175 27.82 124 81 14 98.2 0 0 1
1 66.5 183 29.091 118 54 16 97.8 0 0 1
2 66.5 168 26.707 126 83 16 98.7 0 0 1
1 66.5 172 27.343 170 80 16 98.2 0 0 1
1 66.5 178 28.296 130 60 16 97.8 0 0 1
1 66.5 176 27.979 100 58 16 98.4 0 0 1
1 66.5 186 29.568 112 68 18 98.1 0 0 1
2 66.5 179 28.455 122 83 18 99.8 0 0 1
2 66.5 179 28.455 122 83 18 99.8 0 0 1
1 66.5 186 29.568 112 68 18 98.1 0 0 1
2 66.5 166 26.389 122 77 18 99.1 0 0 1
2 66.5 171 27.184 121 82 20 98.12 0 0 1
2 66.5 171 27.184 121 82 20 98.12 0 0 1
2 67 258.2 40.435 128 80 14 -1 0 0 1
2 67 258.2 40.435 128 80 14 -1 0 0 1
1 67 192 30.068 118 60 16 98.5 0 0 1
2 67 170 26.623 128 80 16 97.6 1 0 1
2 67 263 41.187 130 80 16 96.7 0 0 1
1 67 170.4 26.685 110 70 16 95.8 0 0 1
1 67 190 29.755 122 74 16 98.1 0 0 1
2 67 156 24.43 150 80 16 97.5 0 0 1
2 67 158.8 24.869 150 80 16 93.8 0 0 1
1 67 209 32.73 122 80 16 -1 1 0 1
2 67 170 26.623 128 80 16 97.6 1 0 1
2 67 158.8 24.869 150 80 16 93.8 0 0 1
2 67 158.8 24.869 150 80 16 93.8 0 0 1
2 67 160.8 25.182 140 80 16 97.9 0 0 1
1 67 198 31.008 144 90 16 98.3 0 0 1
2 67 158.8 24.869 150 80 16 93.8 0 0 1
2 67 263 41.187 130 80 16 96.7 0 0 1
1 67 179.2 28.064 132 86 16 96.8 0 0 1
1 67 175 27.406 118 80 18 93.3 0 0 1
1 67 173 27.093 110 70 18 97.6 0 0 1
1 67 218 34.14 118 80 18 -1 0 0 1
1 67 173 27.093 110 70 18 97.6 0 0 1
1 67 218 34.14 118 80 18 -1 0 0 1
1 67 173 27.093 110 70 18 97.6 0 0 1
2 67 181 28.346 130 92 20 97 0 0 1
2 67 175 27.406 124 72 20 97.4 0 0 1
2 67 166 25.996 130 80 20 97.7 1 0 1
2 67 176 27.562 140 90 20 96.8 1 0 1
2 67 150 23.491 130 84 20 97 0 0 1
2 67 181 28.346 130 92 20 97 0 0 1
2 67 172 26.936 130 72 20 98.3 1 0 1
2 67 178 27.876 128 80 20 98.1 1 0 1
2 67 170 26.623 122 80 20 97.7 0 0 1
2 67 174 27.249 138 90 20 98.4 0 0 1
2 67 170 26.623 122 80 20 97.7 0 0 1
2 67 150 23.491 130 84 20 97 0 0 1
2 67 172 26.936 130 72 20 98.3 1 0 1
2 67 170 26.623 122 80 20 97.7 0 0 1
2 67 187 29.285 140 88 20 97.6 0 0 1
2 67 174 27.249 138 90 20 98.4 0 0 1
2 67 176 27.562 126 82 20 96.8 0 0 1
2 67 163 25.527 132 70 20 96.9 0 0 1
1 67 234.2 36.677 136 78 -1 -1 0 0 1
1 67 234.2 36.677 136 78 -1 -1 0 0 1
1 67 236 36.959 140 80 -1 -1 0 0 1
1 67 233 36.489 142 80 -1 -1 0 0 1
1 67 226 35.393 130 84 -1 -1 0 0 1
1 68 228 34.663 120 80 16 98.2 0 0 1
1 68 211 32.079 180 60 16 96.7 0 0 1
1 68 0 0 168 81 16 98.3 0 0 1
1 68 211 32.079 180 60 16 96.7 0 0 1
1 68 217.2 33.022 130 40 16 -1 0 0 1
1 68 0 0 168 81 16 98.3 0 0 1
1 68 217.2 33.022 130 40 16 -1 0 0 1
2 68 225 34.207 144 88 18 -1 0 0 1
1 68 148 22.501 122 84 18 -1 0 0 1
1 68 142 21.589 105 71 18 98.2 0 0 1
1 68 217.4 33.052 142 60 18 96.8 0 0 1
1 68 147 22.349 114 75 18 -1 0 0 1
1 68 151 22.957 109 68 18 97.8 0 0 1
1 68 141 21.437 116 81 18 -1 0 0 1
1 68 136 20.676 105 80 18 -1 0 0 1
1 68 142 21.589 105 71 18 98.2 0 0 1
1 68 148 22.501 122 84 18 -1 0 0 1
1 68 147 22.349 114 75 18 -1 0 0 1
1 68 217.4 33.052 142 60 18 96.8 0 0 1
2 68 225 34.207 144 88 18 -1 0 0 1
1 68 146 22.197 114 90 18 -1 0 0 1
1 68 217.4 33.052 142 60 18 96.8 0 0 1
1 68 146 22.197 114 90 18 -1 0 0 1
1 68 217.4 33.052 142 60 18 96.8 0 0 1
2 68 162 24.629 125 89 -1 -1 1 0 1
2 68 165 25.085 127 95 -1 -1 1 0 1
2 68 233 35.424 132 70 -1 97.9 0 0 1
2 68 234 35.576 103 64 -1 97.9 0 0 1
2 68 237 36.032 118 84 -1 96 0 0 1
2 68 231 35.12 120 76 -1 -1 0 0 1
2 68 236 35.88 114 70 -1 97.9 0 0 1
2 68 236 35.88 114 70 -1 97.9 0 0 1
1 68 175 26.606 135 83 -1 99.2 0 0 1
1 68 150 22.805 135 81 -1 -1 0 0 1
2 68 231 35.12 120 76 -1 -1 0 0 1
1 68.75 0 0 142 90 -1 -1 1 0 1
1 68.898 210.321 31.148 117 76 18 98.06 0 0 1
1 69 287 42.378 145 90 16 96.8 0 0 1
2 69 245 36.176 124 70 16 97.1 0 0 1
1 69 287 42.378 145 90 16 96.8 0 0 1
2 69 225 33.223 133 88 16 97 0 0 1
2 69 247 36.472 134 70 16 -1 0 0 1
2 69 180 26.578 122 80 16 97.8 0 0 1
2 69 243 35.881 130 70 16 98.3 0 0 1
2 69 245 36.176 124 70 16 97.1 0 0 1
2 69 176 25.988 122 80 16 98.9 0 0 1
1 69 265 39.129 -1 -1 16 -1 0 0 1
2 69 174 25.693 110 80 16 92.9 0 0 1
2 69 244 36.029 130 80 17 97.3 0 0 1
2 69 223 32.928 125 77 18 -1 0 0 1
1 69 205 30.27 121 77 18 97.3 0 0 1
2 69 230 33.961 120 89 18 -1 0 0 1
1 69 160 23.625 140 96 18 97.6 0 0 1
1 69 270 39.868 160 90 18 97.5 0 0 1
2 69 244 36.029 122 80 18 96.8 0 0 1
2 69 230 33.961 120 89 18 -1 0 0 1
1 69 160 23.625 140 96 18 97.6 0 0 1
2 69 230 33.961 120 89 18 -1 0 0 1
2 69 230 33.961 120 89 18 -1 0 0 1
1 69 208 30.713 145 88 20 97.7 0 0 1
1 69 150 22.149 119 81 20 -1 0 0 1
1 69 194 28.646 100 60 20 98.1 0 0 1
1 69 175 25.84 144 76 -1 98 0 0 1
1 69 175 25.84 132 87 -1 97.1 0 0 1
1 69.5 252 36.676 110 68 -1 -1 0 0 1
1 70 212 30.416 148 87 16 96.7 0 0 1
1 70 212 30.416 148 87 16 96.7 0 0 1
1 70 252 36.154 142 68 16 97.2 0 0 1
1 70 215 30.846 144 88 16 -1 0 0 1
1 70 215 30.846 144 88 16 -1 0 0 1
1 70 185 26.542 130 70 16 96.1 0 0 1
1 70 210 30.129 150 94 18 97 0 0 1
1 70 209 29.985 132 87 18 97.6 0 0 1
1 70 222 31.85 120 82 18 97.6 0 0 1
1 70 210 30.129 150 94 18 97 0 0 1
1 70 222 31.85 120 82 18 97.6 0 0 1
1 70 214 30.702 145 88 18 97.8 0 0 1
1 70 222 31.85 120 82 18 97.6 0 0 1
1 70 210 30.129 150 94 18 97 0 0 1
1 70 222 31.85 120 82 18 97.6 0 0 1
1 70 209 29.985 132 87 18 97.6 0 0 1
1 70 210 30.129 132 89 18 96.8 0 0 1
1 70 212 30.416 139 81 18 97.4 0 0 1
1 70 265 38.019 130 78 20 97.2 0 0 1
1 70 255 36.585 152 98 20 97.4 0 0 1
1 70 214 30.702 130 80 20 99.2 0 0 1
1 70 257 36.872 130 84 20 97 0 0 1
1 70 257 36.872 130 84 20 97 0 0 1
1 70 264 37.876 140 92 20 97.1 0 0 1
1 70 209 29.985 146 92 22 97.2 0 0 1
1 70 229 32.854 152 98 -1 98.1 0 0 1
1 70 196 28.12 120 74 -1 -1 0 0 1
1 70 196 28.12 120 74 -1 -1 0 0 1
1 70 192 27.546 122 70 -1 -1 0 0 1
1 71 228 31.796 136 60 16 -1 0 0 1
1 71 231 32.214 162 60 16 97.5 0 0 1
1 71 293.2 40.889 142 98 -1 96.3 0 0 1
1 71 293.2 40.889 142 98 -1 96.3 0 0 1
1 71 241 33.609 120 58 -1 -1 0 0 1
1 71 290.2 40.47 124 78 -1 96.8 1 0 1
1 71 248 34.585 146 91 -1 97.7 0 0 1
1 71.5 241 33.141 120 70 -1 97.6 0 0 1
1 72 205 27.8 124 96 16 97.8 1 0 1
1 72 172 23.325 162 100 16 94.7 0 0 1
1 72 270 36.615 150 98 20 97 0 0 1
1 72 258 34.987 160 100 20 97.4 0 0 1
1 72 299 40.547 136 84 -1 96.4 0 0 1
1 72 325 44.073 164 100 -1 98.2 0 0 1
1 72 325 44.073 164 100 -1 98.2 0 0 1
1 72.5 234 31.296 139 64 14 98.3 0 0 1
1 72.5 234 31.296 139 64 14 98.3 0 0 1
1 72.5 234 31.296 139 64 14 98.3 0 0 1
1 73 309 40.763 118 58 15 96.7 0 0 1
1 73 321.4 42.399 180 100 16 98.2 0 0 1
1 73 296 39.048 130 80 16 98.5 0 0 1
1 73 158 20.843 128 82 16 97.9 0 0 1
1 73 296 39.048 130 80 16 98.5 0 0 1
1 73 297 39.18 150 88 16 97.6 0 0 1
1 73 297 39.18 150 88 16 97.6 0 0 1
1 73 320.4 42.267 180 90 16 97.6 0 0 1
1 73 297 39.18 150 88 16 97.6 0 0 1
1 73 322 42.478 160 80 17 98.9 0 0 1
1 73 320 42.214 130 70 18 97.2 0 0 1
1 73 312.8 41.264 138 86 19 93.3 0 0 1
1 73 312.8 41.264 138 86 19 93.3 0 0 1
1 73 157 20.711 140 92 20 98 0 0 1
1 73 162 21.371 130 82 20 98.2 0 0 1
1 73 195 25.724 130 80 -1 -1 0 0 1
1 74 227 29.142 128 80 -1 -1 0 0 1
1 74 219 28.115 118 70 -1 97.8 0 0 1
1 74 227 29.142 128 80 -1 -1 0 0 1
1 75 256 31.994 130 78 18 97 0 0 1
1 75 230 28.745 118 86 -1 -1 0 0 1
1 75 231 28.87 116 78 -1 -1 0 0 1
1 78 0 0 180 80 16 98.6 0 0 1
1 78 0 0 130 70 16 98.6 0 0 1
1 78 0 0 130 70 16 98.6 0 0 1
1 -1 221 0 133 70 10 98.2 0 0 1
1 -1 221 0 133 70 10 98.2 0 0 1
2 -1 0 0 120 55 12 -1 0 0 1
2 -1 0 0 118 50 12 97.6 0 0 1
2 -1 0 0 120 56 12 97.8 0 0 1
2 -1 0 0 118 50 12 97.6 0 0 1
2 -1 252 0 118 78 12 -1 0 0 1
2 -1 0 0 122 78 12 -1 0 0 1
1 -1 181 0 158 76 12 -1 0 0 1
2 -1 0 0 140 81 12 -1 0 0 1
2 -1 0 0 122 78 12 -1 0 0 1
2 -1 0 0 139 80 14 -1 0 0 1
2 -1 0 0 125 77 14 -1 0 0 1
2 -1 0 0 128 86 14 -1 0 0 1
2 -1 0 0 128 86 14 -1 0 0 1
2 -1 0 0 139 80 14 -1 0 0 1
2 -1 0 0 100 50 14 -1 0 0 1
2 -1 0 0 102 71 14 -1 0 0 1
1 -1 168.4 0 142 94 14 98.6 0 0 1
2 -1 0 0 125 77 14 -1 0 0 1
2 -1 0 0 120 70 14 97.8 0 0 1
2 -1 0 0 148 91 14 -1 0 0 1
2 -1 0 0 148 91 14 -1 0 0 1
2 -1 0 0 120 70 14 97.8 0 0 1
2 -1 0 0 128 86 14 -1 0 0 1
2 -1 0 0 130 75 14 -1 0 0 1
2 -1 0 0 148 91 14 -1 0 0 1
1 -1 164 0 145 75 15 -1 0 0 1
1 -1 164 0 145 75 15 -1 0 0 1
2 -1 147 0 97 68 16 98 0 0 1
1 -1 195 0 191 71 16 98.3 0 0 1
2 -1 251 0 131 87 16 -1 0 0 1
2 -1 0 0 105 65 16 97.8 1 0 1
2 -1 0 0 120 78 16 97.3 0 0 1
2 -1 147 0 107 69 16 98.1 0 0 1
1 -1 0 0 132 82 16 -1 0 0 1
2 -1 0 0 143 95 16 -1 0 0 1
2 -1 0 0 143 95 16 -1 0 0 1
2 -1 0 0 105 65 16 97.8 1 0 1
2 -1 0 0 -1 -1 16 98.8 0 0 1
2 -1 251 0 131 87 16 -1 0 0 1
2 -1 146.5 0 110 64 16 98.1 0 0 1
2 -1 0 0 110 68 16 -1 0 0 1
2 -1 251 0 131 87 16 -1 0 0 1
2 -1 158 0 112 58 16 98.5 0 0 1
1 -1 0 0 -1 -1 16 98.2 0 0 1
2 -1 0 0 105 66 16 -1 0 0 1
1 -1 0 0 -1 -1 16 98.2 0 0 1
2 -1 0 0 -1 -1 16 98.8 0 0 1
2 -1 0 0 143 95 16 -1 0 0 1
2 -1 0 0 136 91 16 -1 0 0 1
2 -1 0 0 123 79 16 -1 0 0 1
2 -1 147 0 107 69 16 98.1 0 0 1
1 -1 0 0 -1 -1 16 98.2 0 0 1
2 -1 0 0 122 58 16 97.8 0 0 1
1 -1 0 0 112 68 16 97 0 0 1
2 -1 0 0 128 80 18 98.6 0 0 1
1 -1 0 0 120 82 18 97.1 0 0 1
2 -1 0 0 117 94 18 -1 0 0 1
1 -1 0 0 120 82 18 97.1 0 0 1
1 -1 247 0 100 68 18 97.6 0 0 1
1 -1 246.8 0 102 68 18 98.5 0 0 1
1 -1 246.8 0 102 68 18 98.5 0 0 1
1 -1 0 0 118 68 18 97 0 0 1
1 -1 0 0 120 82 18 97.1 0 0 1
2 -1 0 0 146 82 18 -1 0 0 1
1 -1 245 0 130 80 18 98 0 0 1
1 -1 130 0 124 84 18 97.2 0 0 1
1 -1 247 0 100 68 18 97.6 0 0 1
1 -1 217 0 140 80 18 -1 0 0 1
2 -1 0 0 128 80 18 98.6 0 0 1
1 -1 270.2 0 112 78 18 97.4 0 0 1
2 -1 177.4 0 122 83 18 97.7 0 0 1
1 -1 217 0 140 80 18 -1 0 0 1
1 -1 206.8 0 128 82 18 -1 1 0 1
1 -1 0 0 120 77 18 97 0 0 1
2 -1 148 0 132 78 20 98.1 0 0 1
2 -1 147.5 0 130 80 20 98 0 0 1
2 -1 0 0 138 76 20 -1 0 0 1
2 -1 259 0 125 77 20 -1 0 0 1
1 -1 164 0 128 73 20 97.5 0 0 1
2 -1 146 0 110 70 20 98.1 0 0 1
2 -1 0 0 127 89 20 -1 0 0 1
2 -1 147.5 0 130 80 20 98 0 0 1
2 -1 248 0 100 70 20 -1 0 0 1
2 -1 0 0 138 87 20 -1 0 0 1
1 -1 0 0 128 70 20 97 0 0 1
2 -1 0 0 127 89 20 -1 0 0 1
2 -1 0 0 140 82 20 -1 0 0 1
1 -1 164 0 128 73 20 97.5 0 0 1
1 -1 232.2 0 122 72 20 -1 0 0 1
2 -1 0 0 138 87 20 -1 0 0 1
2 -1 0 0 127 89 20 -1 0 0 1
2 -1 0 0 140 88 20 -1 0 0 1
1 -1 164 0 128 73 20 97.5 0 0 1
2 -1 148 0 132 78 20 98.1 0 0 1
2 -1 0 0 135 84 20 98.5 0 0 1
2 -1 257 0 142 86 20 -1 0 0 1
2 -1 0 0 120 80 22 78.8 0 0 1
2 -1 0 0 120 80 22 78.8 0 0 1
2 -1 0 0 154 70 22 -1 1 0 1
1 -1 0 0 142 73 22 -1 0 0 1
1 -1 0 0 142 73 22 -1 0 0 1
2 -1 171 0 144 82 24 -1 0 0 1
2 -1 171 0 144 82 24 -1 0 0 1
1 -1 144 0 152 77 24 -1 0 0 1
2 -1 213 0 126 75 -1 -1 0 0 1
2 -1 208 0 137 60 -1 -1 0 0 1
1 -1 225 0 110 80 -1 97.3 0 0 1
2 -1 0 0 138 94 -1 -1 1 0 1
2 -1 212 0 130 80 -1 -1 0 0 1
2 -1 0 0 134 76 -1 -1 0 0 1
1 -1 0 0 108 70 -1 -1 0 0 1
2 -1 172 0 115 66 -1 98.8 0 0 1
1 -1 0 0 106 60 -1 97.2 0 0 1
1 -1 0 0 136 86 -1 -1 0 0 1
1 -1 0 0 118 52 -1 -1 0 0 1
2 -1 0 0 129 86 -1 -1 1 0 1
1 -1 0 0 142 82 -1 -1 0 0 1
1 -1 232 0 128 70 -1 -1 0 0 1
2 -1 248 0 132 80 -1 97.1 0 0 1
2 -1 129 0 91 59 -1 -1 0 0 1
1 -1 0 0 108 70 -1 -1 0 0 1
2 -1 247 0 132 76 -1 97.5 1 0 1
1 -1 0 0 108 70 -1 -1 0 0 1
2 -1 195 0 130 78 -1 97.2 1 0 1
1 -1 0 0 150 80 -1 -1 0 0 1
1 -1 0 0 157 96 -1 98.4 0 0 1
1 -1 187 0 120 82 -1 -1 1 0 1
2 -1 172 0 115 66 -1 98.8 0 0 1
1 -1 0 0 142 82 -1 -1 0 0 1
2 -1 0 0 127 92 -1 98.1 0 0 1
1 -1 195 0 142 90 -1 98.2 0 0 1
1 -1 0 0 106 60 -1 97.2 0 0 1
2 -1 0 0 94 47 -1 -1 1 0 1
1 -1 0 0 130 80 -1 -1 0 0 1
1 -1 0 0 142 78 -1 -1 0 0 1
1 -1 172 0 136 80 -1 97.7 0 0 1
1 -1 0 0 128 76 -1 -1 0 0 1
1 -1 0 0 150 80 -1 -1 0 0 1
1 -1 0 0 135 75 -1 -1 0 0 1
2 -1 233 0 140 66 -1 98.2 0 0 1
2 -1 247 0 132 76 -1 97.5 1 0 1
1 -1 206 0 128 80 -1 94.9 0 0 1
1 -1 252 0 122 80 -1 97.6 0 0 1
2 -1 233 0 140 66 -1 98.2 0 0 1
1 -1 0 0 157 96 -1 98.4 0 0 1
2 -1 207 0 117 86 -1 98.6 0 0 1
2 -1 239 0 124 76 -1 97.4 0 0 1
1 -1 232 0 128 70 -1 -1 0 0 1
1 -1 0 0 130 80 -1 -1 0 0 1
2 -1 207 0 132 82 -1 98.6 0 0 1
2 -1 249 0 126 84 -1 98.4 1 0 1
1 -1 194 0 185 94 -1 97.9 0 0 1
2 -1 0 0 145 105 -1 -1 1 0 1
2 -1 213 0 126 75 -1 -1 0 0 1
1 -1 241 0 112 72 -1 -1 0 0 1
1 -1 0 0 157 96 -1 98.4 0 0 1
2 -1 0 0 145 90 -1 -1 0 0 1
