1 -99 0 0 117 68 18 -99 0 0 0 
2 63 0 0 112 78 16 98.6 0 0 0 
2 -99 0 0 124 80 -99 -99 0 0 0 
1 67 131.2 20.547 126 78 12 101.2 0 0 0 
2 65 182 30.283 124 82 16 97 0 0 0 
1 69 133 19.639 127 72 14 -99 0 0 0 
1 -99 0 0 120 80 -99 98 0 0 0 
2 -99 0 0 118 59 18 -99 1 0 0 
2 69 130.6 19.284 128 82 -99 96.7 0 0 0 
2 64 192 32.953 150 82 14 98.4 0 0 0 
2 60 111 21.676 86 58 -99 -99 0 0 0 
2 -99 186 0 148 103 -99 97.9 0 0 0 
2 66 155 25.015 146 74 16 98 0 0 0 
2 -99 104 0 120 84 16 -99 0 0 0 
2 -99 0 0 130 60 16 -99 0 0 0 
2 -99 113.5 0 100 60 -99 -99 0 0 0 
2 64 211 36.214 165 90 16 -99 0 0 0 
2 61 167 31.551 178 74 18 -99 0 0 0 
2 -99 148 0 130 60 18 98 0 0 0 
2 -99 197.5 0 133 87 20 97 0 0 0 
1 71 164 22.871 120 70 18 98.2 0 0 0 
1 66 0 0 110 82 -99 98.2 0 0 0 
2 -99 0 0 128 80 -99 98.5 0 0 0 
2 -99 0 0 124 60 16 97.6 0 0 0 
2 -99 0 0 125 82 18 -99 0 0 0 
2 62 242 44.258 126 90 17 -99 0 0 0 
2 63.5 222.2 38.739 173 105 14 97.8 0 0 0 
2 64 225 38.617 140 90 18 98.1 0 0 0 
2 63 143 25.329 115 80 14 97.2 0 0 0 
1 66 178 28.727 120 84 16 -99 0 0 0 
1 -99 0 0 140 72 -99 -99 0 0 0 
1 68 225.8 34.329 128 82 -99 97.8 0 0 0 
1 62.4 157.8 28.49 145 78 16 95.8 0 0 0 
1 67 177 27.719 130 70 12 -99 1 0 0 
2 60 112 21.871 124 90 12 99.1 0 0 0 
2 60.5 150.6 28.925 134 88 18 -99 0 0 0 
1 65 160 26.622 130 74 21 98.9 0 0 0 
2 60 105 20.504 105 72 16 96.8 0 0 0 
1 65 165 27.454 118 80 18 -99 0 0 0 
1 66 153 24.692 144 96 -99 -99 0 0 0 
2 -99 0 0 124 77 -99 98 0 0 0 
1 -99 201 0 110 76 -99 -99 0 0 0 
2 63 208 36.842 140 80 16 96.7 0 0 0 
2 60 199 38.86 148 88 -99 96.3 0 0 0 
2 63 187.5 33.211 120 70 -99 -99 0 0 0 
2 63 148 26.214 142 68 -99 96.8 1 0 0 
1 71 235 32.772 112 60 -99 -99 0 0 0 
1 67 143 22.395 128 80 16 97.4 0 0 0 
1 71 194 27.055 138 62 24 -99 0 0 0 
2 60 206 40.227 120 80 16 98.2 0 0 0 
1 72 202 27.393 160 97 17 -99 0 0 0 
2 -99 199 0 142 78 -99 98.6 0 0 0 
1 -99 0 0 122 69 16 99.1 0 0 0 
2 -99 0 0 106 60 18 -99 0 0 0 
2 -99 182 0 120 70 16 98.6 0 0 0 
2 63 152 26.923 122 82 -99 -99 0 0 0 
2 69.5 154 22.413 104 68 -99 98.1 0 0 0 
2 -99 141.6 0 119 80 -99 97.6 0 0 0 
1 -99 0 0 126 76 -99 97.6 0 0 0 
1 66 199 32.116 132 74 18 98.1 0 0 0 
2 70 170 24.39 112 80 -99 -99 1 0 0 
2 66 215.5 34.779 120 80 -99 -99 0 0 0 
1 -99 265 0 172 100 24 -99 0 0 0 
2 63 222 39.321 132 88 -99 -99 0 0 0 
1 -99 0 0 132 98 -99 -99 0 0 0 
2 64 184 31.58 110 70 16 -99 0 0 0 
2 65 156.6 26.057 128 76 -99 -99 0 0 0 
1 75 185 23.121 108 80 -99 96 0 0 0 
2 65 115 19.135 100 80 16 96.5 0 0 0 
2 -99 0 0 134 80 16 98.3 0 0 0 
2 -99 228 0 131 97 20 98.4 1 0 0 
1 67.323 125 19.388 115 80 -99 -99 0 0 0 
2 -99 151 0 148 72 18 -99 0 0 0 
2 66 191 30.825 110 70 -99 98.6 0 0 0 
2 66 168.5 27.194 128 80 -99 98.3 0 0 0 
1 64.5 166 28.051 180 94 16 98.3 0 0 0 
2 -99 113 0 110 60 -99 -99 0 0 0 
2 -99 0 0 95 64 -99 97.4 0 0 0 
1 66 158 25.499 112 74 -99 -99 0 0 0 
2 60 93 18.161 130 84 16 97 0 0 0 
1 65 190.6 31.714 116 40 20 95.9 0 0 0 
2 58 151 31.556 142 90 20 -99 0 0 0 
2 63.7 147.2 25.503 107 71 -99 -99 1 0 0 
2 57 102 22.07 150 100 16 97 0 0 0 
1 -99 0 0 112 70 16 100.2 0 0 0 
2 66 190 30.663 130 82 -99 -99 0 0 0 
1 69 231.6 34.198 152 98 16 97.2 0 0 0 
2 -99 159 0 100 56 -99 -99 0 0 0 
1 68 197 29.95 122 70 16 96.5 0 0 0 
2 67 178 27.876 140 80 20 96.8 0 0 0 
2 62.5 116 20.876 105 66 18 98.3 0 0 0 
1 66 232 37.442 150 59 20 98.3 0 0 0 
2 -99 172 0 118 71 16 98.1 0 0 0 
2 65 157 26.123 136 80 16 98.1 0 0 0 
2 60 220 42.961 100 60 18 -99 0 0 0 
2 61 210 39.675 118 72 14 -99 1 0 0 
2 61 206 38.919 120 72 16 -99 1 0 0 
2 70 156 22.381 -99 -99 -99 -99 0 0 0 
2 62 187 34.199 116 7 -99 98.6 0 0 0 
2 62 127 23.226 126 80 -99 99.6 0 0 0 
1 74 240 30.811 132 78 18 97.7 0 0 0 
2 -99 130 0 98 75 -99 97.2 0 0 0 
2 59 131 26.456 160 70 16 97.6 0 0 0 
2 61 122 23.049 110 70 16 98.6 0 0 0 
2 67 220.4 34.516 128 70 -99 96.5 0 0 0 
1 -99 0 0 130 74 12 98.6 0 0 0 
1 71 180 25.102 170 100 16 99.2 0 0 0 
1 69.016 201.062 29.675 140 88 16 99.5 0 0 0 
2 -99 0 0 110 78 -99 97 0 0 0 
1 69 144 21.263 130 68 20 98 1 0 0 
2 63 131.6 23.309 128 78 18 98.7 0 0 0 
1 72 185 25.088 120 77 76 -99 0 0 0 
2 62.5 139 25.016 148 70 14 -99 1 0 0 
1 67 140 21.925 120 66 16 -99 0 0 0 
1 72 187 25.359 140 70 -99 -99 0 0 0 
1 72 135 18.307 144 74 18 -99 0 0 0 
1 -99 0 0 -99 -99 -99 98.6 0 0 0 
1 -99 0 0 128 82 -99 97.1 0 0 0 
2 62.5 191 34.374 107 66 17 98.3 0 0 0 
1 -99 145.2 0 130 76 -99 -99 0 0 0 
2 -99 126 0 119 74 -99 -99 0 0 0 
2 -99 169.2 0 118 87 16 -99 0 0 0 
1 -99 0 0 112 67 -99 -99 0 0 0 
1 -99 0 0 145 69 20 97 0 0 0 
2 67 169 26.466 100 72 -99 98.9 0 0 0 
2 62 108 19.751 113 73 -99 -99 0 0 0 
2 56 129 28.918 130 90 16 98.2 0 0 0 
2 66 190 30.663 120 80 -99 -99 0 0 0 
1 68 214 32.535 122 80 20 97.8 0 0 0 
1 -99 199 0 91 62 18 98.2 0 0 0 
2 66 136 21.949 98 68 20 98.3 1 0 0 
1 67 163 25.527 98 62 -99 97.3 0 0 0 
2 66 231 37.28 130 80 -99 -99 0 0 0 
1 69 171 25.25 116 70 -99 -99 0 0 0 
2 58 132 27.585 152 100 16 98.9 0 0 0 
2 -99 161 0 112 80 -99 98.3 1 0 0 
2 66 238 38.41 136 72 -99 97.4 0 0 0 
1 -99 251.6 0 152 70 -99 99.4 0 0 0 
2 63 167 29.579 134 72 12 -99 0 0 0 
2 65 196 32.613 145 76 20 98 0 0 0 
2 62 118 21.58 106 60 -99 -99 1 0 0 
1 -99 163 0 90 60 -99 96.2 0 0 0 
2 66.5 178 28.296 134 84 16 98.2 1 0 0 
1 63 168 29.757 136 78 16 98.1 1 0 0 
2 -99 0 0 136 84 16 -99 0 0 0 
2 63 138.6 24.549 100 78 -99 98.1 0 0 0 
2 -99 149 0 102 70 -99 -99 0 0 0 
1 -99 243 0 170 100 12 98.4 0 0 0 
1 -99 0 0 123 85 -99 97.9 0 0 0 
2 64 194 33.296 130 77 12 97.8 0 0 0 
1 68.75 197 29.301 124 81 -99 -99 0 0 0 
2 -99 0 0 115 85 18 -99 0 0 0 
1 72 178 24.139 122 78 20 98.1 0 0 0 
2 64 254 43.594 130 90 16 98 0 0 0 
2 61 107 20.215 108 60 -99 99.4 1 0 0 
2 -99 123 0 120 78 16 -99 1 0 0 
2 -99 0 0 -99 -99 16 98.2 0 0 0 
2 67 171 26.779 126 74 -99 -99 0 0 0 
1 -99 163 0 121 86 16 98.6 0 0 0 
1 -99 0 0 122 70 18 -99 0 0 0 
2 -99 112 0 156 88 -99 -99 0 0 0 
2 -99 132 0 130 85 -99 98.6 0 0 0 
1 68 182.4 27.731 134 80 16 97.7 0 0 0 
1 -99 210.4 0 108 78 18 97.7 0 0 0 
2 61 118 22.293 140 90 -99 97.7 0 0 0 
2 67 266.8 41.782 150 92 -99 96.7 0 0 0 
2 65.5 226 37.032 166 86 18 97.2 0 0 0 
1 68 178 27.062 98 74 18 -99 0 0 0 
2 68 217 32.991 116 60 14 97.6 0 0 0 
1 71 177 24.684 -99 -99 -99 -99 0 0 0 
2 -99 0 0 135 80 -99 98.5 0 0 0 
2 -99 156.6 0 -99 -99 -99 -99 0 0 0 
2 63 165 29.225 150 90 16 97 0 0 0 
1 -99 124 0 130 90 -99 97.8 0 0 0 
2 -99 170 0 118 75 -99 -99 0 0 0 
2 67.5 174 26.847 122 82 -99 98.4 0 0 0 
1 75 222 27.745 134 85 -99 97 0 0 0 
1 65.5 160 26.218 144 74 20 97.1 0 0 0 
2 -99 138 0 95 60 -99 98 1 0 0 
1 66 210 33.891 122 74 16 -99 0 0 0 
2 -99 0 0 142 82 -99 -99 1 0 0 
1 65 174 28.952 136 76 14 -99 0 0 0 
2 60 176.8 34.525 110 70 16 97.7 0 0 0 
1 71 228 31.796 130 70 18 98.1 1 0 0 
1 65 170 28.286 116 68 -99 -99 1 0 0 
2 60.5 211 40.525 162 74 16 98.5 0 0 0 
1 67 177 27.719 126 74 14 -99 0 0 0 
2 66 238 38.41 164 97 17 -99 0 0 0 
2 -99 176 0 114 72 -99 -99 1 0 0 
2 64.5 137.2 23.184 112 76 -99 -99 0 0 0 
1 -99 0 0 120 60 -99 98.2 0 0 0 
2 63 123 21.786 130 90 -99 -99 0 0 0 
1 70 178 25.538 122 88 20 98 0 0 0 
2 -99 141.8 0 149 95 -99 -99 0 0 0 
2 64 167 28.662 102 80 -99 97.9 0 0 0 
2 64 150 25.745 130 80 16 -99 0 0 0 
2 -99 0 0 138 78 -99 -99 0 0 0 
2 64 198 33.983 100 70 -99 -99 0 0 0 
2 61.5 155 28.81 158 90 16 98.6 0 0 0 
2 62 192 35.113 122 80 16 96.2 0 0 0 
2 66 209.6 33.827 111 70 18 -99 0 0 0 
2 -99 152 0 90 68 -99 -99 0 0 0 
1 75.75 254 31.119 142 77 14 -99 0 0 0 
2 -99 205 0 132 78 -99 97.7 1024 0 0 
2 62.75 100 17.854 112 70 -99 -99 1 0 0 
2 68 267.4 40.654 117 71 16 97.4 0 0 0 
2 -99 202 0 158 90 -99 98.1 0 0 0 
2 67 174.5 27.328 150 86 12 99.4 0 0 0 
1 69.5 149 21.686 102 70 14 -99 0 0 0 
2 67 223.8 35.048 140 88 18 -99 0 0 0 
2 62 116.8 21.361 100 67 -99 -99 0 0 0 
2 66 121 19.528 128 95 -99 98.8 0 0 0 
2 -99 0 0 -99 -99 18 -99 0 0 0 
2 68 111 16.876 109 60 18 97.8 0 0 0 
1 67 225.5 35.314 121 85 20 98 0 0 0 
1 71 215 29.983 125 85 21 98.2 0 0 0 
1 71 182.8 25.493 120 68 14 96.4 0 0 0 
1 -99 0 0 135 80 16 98 0 0 0 
2 66.5 169 26.866 128 80 -99 -99 0 0 0 
1 65.5 284 46.536 110 70 20 97.9 0 0 0 
1 66 126 20.335 110 70 16 98 0 0 0 
2 64 111 19.051 102 68 20 98.7 0 0 0 
2 61 180 34.007 122 90 20 98.4 0 0 0 
2 59.5 117 23.233 135 80 20 97 1 0 0 
1 78 273 31.545 126 82 17 95.4 0 0 0 
2 70 168 24.103 110 90 17 98.4 49153 0 0 
2 64.2 248.7 42.419 188 98 19 -99 0 0 0 
1 67.6 214.3 32.967 146 92 19 -99 0 0 0 
2 64 119 20.424 -99 -99 -99 -99 0 0 0 
2 64 160.5 27.547 150 74 -99 97.1 1 0 0 
1 -99 210.8 0 128 74 -99 98.8 0 0 0 
1 -99 0 0 138 87 20 97.8 0 0 0 
2 68 232 35.272 124 70 16 98.4 0 0 0 
1 69 180 26.578 116 73 16 -99 0 0 0 
1 64 187 32.095 150 80 20 97.7 1 0 0 
1 71 197 27.473 100 60 17 97.9 0 0 0 
1 -99 255.5 0 104 66 -99 97.7 0 0 0 
1 71 248.5 34.655 130 94 16 97.8 0 0 0 
1 -99 184.968 0 -99 -99 -99 -99 0 0 0 
1 71 190.2 26.525 118 72 20 -99 0 0 0 
1 -99 132 0 130 70 18 97 0 0 0 
1 64.5 131 22.136 90 68 16 -99 1 0 0 
2 67 199 31.164 115 88 20 -99 1 0 0 
1 -99 0 0 159 80 18 -99 1 0 0 
2 62.5 132 23.756 128 64 -99 -99 1 0 0 
2 63.2 136.7 24.06 109 73 -99 -99 0 0 0 
2 -99 131 0 104 66 -99 -99 0 0 0 
2 -99 0 0 162 92 22 98.3 0 0 0 
2 62 125 22.86 130 80 14 -99 1 0 0 
1 66 228 36.796 130 80 16 96.4 0 0 0 
2 -99 184 0 116 68 18 -99 1 0 0 
2 66 187 30.179 147 70 -99 -99 1 0 0 
2 59 98 19.791 137 66 18 99.3 0 0 0 
2 -99 190 0 147 98 -99 97.4 0 0 0 
2 -99 0 0 122 72 -99 -99 0 0 0 
1 -99 0 0 115 70 20 -99 0 0 0 
2 -99 0 0 153 97 14 97.3 0 0 0 
2 63.5 247 43.063 118 62 -99 -99 0 0 0 
1 -99 175 0 130 80 -99 -99 0 0 0 
2 67 239 37.429 140 80 -99 -99 0 0 0 
2 60 167 32.611 164 80 -99 -99 0 0 0 
2 -99 170 0 132 74 -99 98.4 0 0 0 
2 64 154.5 26.517 150 60 16 98.7 0 0 0 
2 63 175 30.996 130 78 -99 -99 0 0 0 
1 72 124 16.816 102 70 -99 95.7 0 0 0 
2 62 176.5 32.279 120 70 20 98 0 0 0 
2 67 154.5 24.195 102 70 -99 97.3 0 0 0 
2 63 195 34.539 116 84 -99 98.5 0 0 0 
2 -99 182 0 110 64 -99 97.9 0 0 0 
2 66 203.9 32.907 130 86 18 98.1 0 0 0 
2 -99 152 0 149 87 18 97.4 0 0 0 
1 70 207 29.698 114 72 -99 98.3 0 0 0 
2 64 121 20.767 120 70 16 98.7 0 0 0 
2 58.75 126 25.663 100 60 16 97 0 0 0 
1 74 197 25.291 122 84 20 98.2 0 0 0 
2 63 154 27.277 160 50 20 98.9 0 0 0 
2 -99 0 0 104 60 -99 -99 0 0 0 
2 -99 162.8 0 114 62 16 97.6 0 0 0 
2 -99 167 0 138 82 16 -99 0 0 0 
1 65 170 28.286 140 70 -99 -99 0 0 0 
2 -99 0 0 225 95 20 97.6 1 0 0 
1 69.5 251 36.531 136 72 -99 -99 0 0 0 
2 67 131.4 20.578 114 72 -99 97 1 0 0 
2 63 157 27.808 171 80 17 98.2 0 0 0 
1 -99 0 0 102 70 12 -99 0 0 0 
2 -99 0 0 130 60 -99 -99 0 0 0 
2 68.7 231.2 34.437 131 94 19 97 0 0 0 
1 69 261 38.539 143 96 16 97.4 0 0 0 
2 -99 192 0 110 72 -99 97.8 0 0 0 
2 62.5 108 19.437 128 70 14 -99 0 0 0 
1 64 217 37.244 110 60 12 98.2 0 0 0 
2 -99 0 0 -99 -99 16 98.6 0 0 0 
2 68 143 21.741 115 71 16 98.4 1 0 0 
2 62.8 151 26.916 132 60 -99 96.7 0 0 0 
2 67 241 37.742 140 70 24 -99 0 0 0 
2 68 137 20.829 150 100 20 97.9 0 0 0 
1 65 158 26.29 130 70 -99 -99 0 0 0 
1 68 192.2 29.221 139 82 16 96.2 0 0 0 
2 65 188 31.281 111 74 16 97.3 0 0 0 
1 66 195 31.47 150 80 20 97.9 0 0 0 
2 -99 114 0 115 68 22 -99 0 0 0 
1 -99 0 0 140 80 12 98.6 0 0 0 
2 65 195 32.446 124 76 18 97.1 0 0 0 
1 67 182 28.502 132 80 -99 -99 0 0 0 
1 72 258 34.987 139 98 16 98.6 0 0 0 
2 -99 0 0 133 80 -99 -99 0 0 0 
2 62.9 214 38.025 116 88 -99 -99 1 0 0 
1 65 195 32.446 119 69 -99 -99 0 0 0 
2 70 138.891 19.927 135 75 20 98 0 0 0 
2 65 218 36.273 130 80 20 96.9 0 0 0 
1 70 188 26.972 125 80 20 98.3 1 0 0 
2 65 198.5 33.029 120 80 -99 98.4 0 0 0 
2 65 159 26.456 98 60 16 -99 0 0 0 
2 61 107 20.215 102 74 18 96 0 0 0 
2 63 247 43.749 132 76 20 97.6 0 0 0 
2 68.5 155 23.222 122 74 -99 -99 1 0 0 
2 65 130 21.631 120 80 -99 -99 0 0 0 
1 -99 0 0 160 100 16 -99 0 0 0 
2 62 159 29.078 120 80 20 97.9 0 0 0 
2 65 160 26.622 114 68 -99 -99 0 0 0 
2 -99 0 0 144 64 -99 96.6 0 0 0 
2 64 154 26.431 126 78 -99 -99 0 0 0 
1 -99 140 0 122 70 -99 -99 0 0 0 
2 -99 133.6 0 122 68 16 98.5 0 0 0 
1 -99 186 0 94 74 -99 98 0 0 0 
1 69 175 25.84 138 99 20 97.7 0 0 0 
1 -99 143 0 146 76 16 97.7 1 0 0 
1 69 177.5 26.209 120 82 12 98.6 0 0 0 
2 67 145 22.708 140 90 20 98.9 0 0 0 
2 -99 250 0 120 80 16 97 0 0 0 
1 70.5 135.5 19.165 130 80 -99 97.4 0 0 0 
2 66 210 33.891 135 89 16 97.5 0 0 0 
2 62.5 102 18.357 110 60 16 -99 0 0 0 
2 63 120 21.255 122 91 16 98.9 0 0 0 
1 67 198 31.008 132 82 24 -99 0 0 0 
2 -99 0 0 124 89 -99 97 0 0 0 
1 -99 231 0 108 60 -99 97.1 0 0 0 
2 -99 166.6 0 114 79 -99 -99 0 0 0 
2 64.5 228.5 38.612 150 80 -99 99.1 0 0 0 
1 -99 0 0 126 70 18 98 0 0 0 
2 -99 0 0 126 80 -99 -99 0 0 0 
1 67 278 43.536 140 80 20 97.4 0 0 0 
2 -99 0 0 110 62 12 -99 0 0 0 
1 70 180 25.824 102 64 -99 -99 0 0 0 
2 60.5 129 24.776 120 80 16 -99 0 0 0 
2 62 251 45.903 120 80 16 98.4 0 0 0 
2 -99 0 0 160 110 -99 -99 1 0 0 
2 -99 0 0 132 70 16 98 0 0 0 
1 -99 0 0 150 90 12 98.2 0 0 0 
2 -99 180 0 100 62 -99 -99 0 0 0 
2 -99 162.5 0 98 60 -99 -99 0 0 0 
2 66 115 18.559 124 90 16 98.3 0 0 0 
2 63 189.4 33.547 126 84 -99 97.7 1 0 0 
1 71 210 29.286 118 80 -99 -99 0 0 0 
2 68 258.6 39.316 124 80 -99 -99 0 0 0 
2 64 182 31.237 118 60 -99 -99 0 0 0 
2 66 132 21.303 124 84 -99 99.4 0 0 0 
1 -99 256 0 146 90 -99 97.8 0 0 0 
2 71.5 221 30.39 110 73 -99 98.1 0 0 0 
1 71 226.5 31.587 150 92 -99 97.9 0 0 0 
2 67 240 37.585 130 70 -99 97.6 0 0 0 
1 68 185 28.126 132 66 14 -99 0 0 0 
2 64 217.2 37.278 120 62 20 98.2 0 0 0 
1 67.5 157 24.224 108 70 12 -99 0 0 0 
2 63 168 29.757 150 78 20 97.1 0 0 0 
1 74 250.5 32.159 138 87 18 -99 0 0 0 
2 -99 139 0 150 70 -99 -99 0 0 0 
2 63 150 26.568 110 60 12 -99 0 0 0 
2 -99 0 0 118 64 -99 -99 0 0 0 
1 71 218 30.402 143 84 16 98.1 0 0 0 
2 64 171 29.349 124 80 16 97.9 0 0 0 
2 -99 131 0 95 59 -99 97.1 0 0 0 
2 -99 0 0 123 83 16 98.8 0 0 0 
2 61 211.8 40.015 118 70 -99 -99 0 0 0 
2 68 250 38.008 138 80 20 98.2 0 0 0 
1 -99 213 0 130 84 16 97.6 0 0 0 
2 59.1 144.9 29.164 114 80 17 -99 0 0 0 
2 64 205 35.184 150 90 -99 -99 0 0 0 
1 -99 231 0 136 88 -99 97.6 0 0 0 
2 -99 224 0 -99 -99 -99 -99 0 0 0 
1 70 187 26.829 120 90 16 -99 0 0 0 
2 -99 0 0 97 67 -99 97.4 0 0 0 
2 64.8 130.7 21.882 124 61 19 -99 0 0 0 
1 -99 235 0 126 82 -99 97.5 0 0 0 
2 -99 0 0 128 78 -99 -99 0 0 0 
2 59.5 154 30.58 124 60 -99 97.8 0 0 0 
1 71 155 21.616 130 94 16 98.7 0 0 0 
2 68 195 29.646 90 60 15 98 0 0 0 
2 -99 0 0 118 72 -99 -99 0 0 0 
2 -99 0 0 -99 -99 14 98.1 0 0 0 
1 -99 186 0 -99 -99 -99 -99 0 0 0 
2 59.5 188 37.332 138 72 16 98.2 0 0 0 
1 -99 0 0 144 76 -99 -99 0 0 0 
1 -99 0 0 -99 -99 -99 98 0 0 0 
2 59.5 133 26.41 110 70 20 -99 0 0 0 
2 63 190 33.653 148 65 12 98.2 0 0 0 
2 61 156 29.473 118 72 -99 -99 1 0 0 
1 -99 192 0 135 90 18 98.3 0 0 0 
2 65 152.5 25.375 116 74 -99 -99 0 0 0 
1 -99 0 0 116 68 12 98 0 0 0 
1 70 176 25.251 150 92 -99 -99 0 0 0 
1 72 228 30.919 136 81 16 98.2 0 0 0 
2 68 252 38.312 130 80 17 97.1 0 0 0 
1 72 286 38.784 130 80 16 98.5 0 0 0 
2 64.6 147.7 24.881 119 77 18 -99 0 0 0 
2 -99 0 0 -99 -99 -99 101 0 0 0 
1 67 189 29.598 140 84 16 97.4 0 0 0 
2 62 130 23.775 178 87 -99 -99 0 0 0 
1 -99 0 0 154 105 -99 -99 0 0 0 
1 65 150 24.959 121 67 -99 -99 0 0 0 
1 -99 144 0 102 60 16 -99 0 0 0 
2 -99 129.2 0 132 80 -99 97.4 0 0 0 
2 -99 150 0 130 66 -99 -99 1 0 0 
2 63 170 30.111 127 88 -99 -99 0 0 0 
1 68 229 34.816 120 70 20 98.2 0 0 0 
2 -99 159 0 116 72 -99 99.2 0 0 0 
1 65 142 23.627 148 100 16 -99 0 0 0 
1 63 158 27.985 160 83 -99 -99 0 0 0 
1 70 240 34.433 120 60 15 97.7 0 0 0 
2 59 173.8 35.1 138 82 20 -99 0 0 0 
2 -99 144 0 100 70 18 -99 0 0 0 
1 67 196 30.695 140 90 16 96.9 0 0 0 
2 63 124 21.963 122 60 12 -99 0 0 0 
1 71 214 29.844 100 60 16 98.4 0 0 0 
2 57.5 164 34.871 138 88 16 98 0 0 0 
1 -99 269 0 -99 -99 -99 -99 0 0 0 
2 60 157 30.659 110 60 20 98.7 1 0 0 
2 60 153 29.878 120 76 18 97.4 0 0 0 
1 -99 0 0 142 80 -99 -99 0 0 0 
2 66 120 19.366 118 70 -99 -99 0 0 0 
2 68 179 27.214 100 80 12 98.3 0 0 0 
1 69 190 28.055 120 70 18 98 1 0 0 
2 59 106 21.407 85 50 16 -99 0 0 0 
2 66 141.5 22.836 100 50 -99 97.9 0 0 0 
2 -99 203 0 164 98 16 99 0 0 0 
1 72 196 26.579 140 92 -99 -99 0 0 0 
1 69 208 30.713 140 76 20 97.1 0 0 0 
2 61.75 170 31.342 108 70 -99 -99 0 0 0 
1 70 164.2 23.558 120 78 20 -99 2 0 0 
2 66.5 145.5 23.13 155 95 12 97.5 0 0 0 
2 66 191 30.825 145 79 -99 -99 0 0 0 
1 -99 0 0 118 64 -99 -99 0 0 0 
1 72 130 17.629 110 70 -99 99 0 0 0 
1 65 184 30.616 135 80 -99 -99 0 0 0 
1 -99 119.8 0 121 84 16 98.4 0 0 0 
2 66 171 27.597 98 68 20 97.8 0 0 0 
2 -99 172 0 102 66 -99 97.5 0 0 0 
2 66 152 24.531 142 80 12 -99 0 0 0 
2 64 176 30.207 142 80 18 -99 0 0 0 
2 -99 0 0 130 80 18 97.6 33 0 0 
2 -99 225 0 140 96 24 97.6 1 0 0 
1 70 152 21.807 97 65 18 98 0 0 0 
1 -99 193.6 0 110 72 -99 -99 9457 0 0 
2 60 158 30.854 103 71 -99 -99 0 0 0 
2 -99 0 0 140 72 -99 -99 0 0 0 
1 -99 258.6 0 -99 -99 -99 -99 0 0 0 
2 61 197 37.219 132 80 14 -99 0 0 0 
2 64.5 149 25.178 107 68 -99 98.1 0 0 0 
2 61.5 111 20.631 102 64 14 98.3 0 0 0 
2 -99 0 0 145 95 -99 -99 0 0 0 
2 -99 0 0 130 72 -99 -99 0 0 0 
2 66 134 21.626 108 72 -99 98.4 0 0 0 
2 62 135 24.689 127 75 16 97.1 0 0 0 
2 60 134 26.167 -99 -99 -99 -99 0 0 0 
2 -99 168 0 119 75 14 97.9 0 0 0 
1 -99 0 0 138 76 12 -99 0 0 0 
2 68 234.7 35.682 116 69 -99 -99 0 0 0 
2 -99 0 0 118 65 -99 98 0 0 0 
2 66 149 24.047 130 84 16 97.8 0 0 0 
2 -99 204 0 140 80 18 -99 0 0 0 
1 71 180 25.102 120 90 20 98.4 0 0 0 
2 60 171.5 33.49 120 70 -99 -99 0 0 0 
2 63.3 160 28.072 114 70 18 97.5 0 0 0 
2 -99 0 0 120 70 -99 97.2 1 4 0 
1 70 196 28.12 138 84 -99 -99 0 0 0 
1 70 184 26.398 120 74 -99 -99 0 0 0 
1 71 276 38.49 134 86 16 98.4 0 0 0 
1 73 231 30.473 116 62 -99 97.5 0 0 0 
1 -99 0 0 122 80 16 98.2 0 0 0 
2 60.7 209 39.877 137 85 16 98.2 0 0 0 
2 59.5 187 37.133 134 79 19 -99 0 0 0 
2 -99 0 0 128 83 18 98.6 0 0 0 
2 60 150 29.292 158 92 16 98 0 0 0 
2 -99 215.6 0 -99 -99 -99 -99 0 0 0 
2 64 256 43.938 130 90 18 97.9 0 0 0 
2 -99 192.8 0 146 92 -99 96.7 0 0 0 
1 71 179 24.963 150 90 16 97.5 0 0 0 
2 67 230.2 36.05 147 100 18 96.6 0 0 0 
1 72.5 212 28.354 112 80 -99 97.8 0 0 0 
1 74 170 21.824 118 84 12 97.8 0 0 0 
2 62 145 26.518 136 72 -99 -99 0 0 0 
1 68 175 26.606 115 69 16 97.5 0 0 0 
1 75 274 34.244 142 86 18 97.5 0 0 0 
2 68 133 20.22 150 50 20 94.4 0 0 0 
2 62 143 26.152 120 80 16 97.4 1 0 0 
2 61.5 135.5 25.185 122 80 -99 97 1 0 0 
2 61 174.8 33.025 100 60 18 -99 0 0 0 
2 65 217 36.107 130 82 -99 -99 0 0 0 
1 -99 238 0 144 95 16 -99 0 0 0 
1 -99 240 0 118 74 18 -99 0 0 0 
2 60.5 112 21.511 140 68 -99 -99 0 0 0 
2 -99 228.2 0 140 100 12 98 0 0 0 
2 -99 0 0 109 78 20 98 0 0 0 
1 69 194 28.646 126 84 16 98.1 0 0 0 
1 -99 0 0 142 80 -99 -99 0 0 0 
1 64 147 25.23 -99 -99 -99 -99 0 0 0 
2 -99 210 0 144 80 14 -99 0 0 0 
2 -99 160.4 0 -99 -99 -99 -99 0 0 0 
2 58 122 25.495 130 90 16 98.2 0 0 0 
2 -99 156 0 120 82 -99 97 0 0 0 
1 72 204 27.664 130 70 16 -99 0 0 0 
2 68.11 296.522 44.935 120 70 18 98.06 0 0 0 
1 -99 267 0 116 70 14 -99 0 0 0 
1 72 221 29.97 105 58 -99 97.4 0 0 0 
2 66 256.5 41.396 142 90 -99 97.6 1 0 0 
1 67 174 27.249 118 67 16 -99 0 0 0 
1 -99 318 0 122 78 12 -99 0 0 0 
1 66.1 189.3 30.458 112 77 18 -99 0 0 0 
2 -99 233 0 122 70 -99 98.9 0 0 0 
2 64 269.2 46.203 109 76 -99 -99 0 0 0 
2 -99 0 0 110 74 -99 -99 0 0 0 
2 64 156.2 26.809 123 80 18 98.9 0 0 0 
1 74 173 22.209 134 68 18 -99 0 0 0 
2 69 265.5 39.203 126 86 -99 98.5 0 0 0 
2 69 172 25.397 140 80 16 98.3 1 0 0 
1 69 179 26.431 135 81 18 98 0 0 0 
2 62 184 33.65 100 60 18 -99 0 0 0 
1 73 203 26.78 140 80 20 97.7 0 0 0 
1 69 160 23.625 140 90 18 97.9 0 0 0 
2 64 141.5 24.286 122 70 -99 -99 0 0 0 
1 73 234 30.869 130 90 20 97.6 0 0 0 
2 66 170.3 27.484 114 70 -99 -99 0 0 0 
2 60 105 20.504 106 63 16 97.9 0 0 0 
1 76 275 33.47 130 74 12 98.1 0 0 0 
1 70 249 35.724 140 80 16 98.6 0 0 0 
1 64 165 28.319 142 84 16 98.1 1 0 0 
2 -99 220 0 154 103 -99 97.3 0 0 0 
2 58 165 34.481 126 71 12 98.9 0 0 0 
1 66 185 29.857 100 60 16 98 0 0 0 
1 -99 207.4 0 129 73 -99 -99 0 0 0 
1 -99 147 0 91 69 -99 98.4 0 0 0 
2 61 129 24.372 128 86 -99 98.3 0 0 0 
1 69 177 26.135 124 90 18 99.3 0 0 0 
2 -99 0 0 162 74 28 -99 0 0 0 
1 69 141 20.82 130 69 18 98.3 0 0 0 
1 71 204.6 28.533 150 100 16 94.2 0 0 0 
2 66 250 40.347 152 90 18 97 0 0 0 
1 68 197 29.95 96 56 18 -99 0 0 0 
1 67 239 37.429 110 70 16 97.8 0 0 0 
2 -99 123 0 126 88 -99 -99 0 0 0 
2 67 160 25.057 128 78 12 -99 0 0 0 
1 69 201 29.679 120 70 20 97.4 1 0 0 
2 -99 236 0 120 80 16 -99 0 0 0 
2 62 166 30.358 110 74 16 -99 0 0 0 
2 67 154.5 24.195 140 81 16 -99 0 0 0 
2 -99 0 0 118 58 -99 -99 1 0 0 
1 -99 0 0 142 80 16 -99 0 0 0 
2 62.5 222 39.953 156 60 18 -99 0 0 0 
2 -99 0 0 119 67 -99 97.1 0 0 0 
2 61 132 24.938 97 59 -99 98.9 0 0 0 
2 64 175 30.035 125 85 20 98.4 1 0 0 
2 66 150 24.208 156 80 18 98.2 0 0 0 
2 -99 138 0 102 70 -99 97.2 0 0 0 
2 63.9 112.4 19.352 139 86 18 -99 0 0 0 
2 -99 0 0 159 103 -99 -99 0 0 0 
1 -99 0 0 143 67 -99 -99 0 0 0 
2 67 0 0 120 78 -99 98.1 0 0 0 
1 -99 0 0 130 80 12 98.2 0 0 0 
2 64 150 25.745 120 80 20 97 0 0 0 
1 -99 0 0 130 76 -99 -99 0 0 0 
2 65 149 24.792 120 78 -99 98.5 1 0 0 
1 -99 0 0 118 70 -99 98 0 0 0 
1 62 185 33.833 125 85 -99 -99 0 0 0 
1 69 195 28.793 124 74 12 -99 0 0 0 
1 71 180 25.102 138 72 -99 -99 0 0 0 
2 62 121 22.129 114 78 18 98.2 0 0 0 
1 68 178 27.062 126 70 -99 -99 0 0 0 
2 -99 130 0 106 69 14 -99 1 0 0 
2 -99 162 0 104 65 12 -99 0 0 0 
2 60.5 107 20.551 100 60 16 98.6 0 0 0 
1 65 184.2 30.649 126 80 -99 97.2 0 0 0 
2 64 235 40.333 124 70 16 -99 193 0 0 
2 62.5 178.5 32.124 100 52 -99 -99 0 0 0 
1 68 256 38.92 130 76 -99 -99 0 0 0 
2 -99 117 0 134 82 16 97.3 0 0 0 
1 71 227 31.657 130 90 16 -99 0 0 0 
2 66 145 23.401 124 80 20 97.6 0 0 0 
1 67 185 28.972 118 82 16 97 0 0 0 
2 65 144.6 24.06 121 82 -99 -99 0 0 0 
2 70 268 38.45 110 70 -99 -99 0 0 0 
2 63 124 21.963 111 62 19 -99 0 0 0 
1 61 124.2 23.465 98 70 -99 96.8 0 0 0 
2 64.6 119.5 20.131 121 77 18 -99 0 0 0 
2 63 196.5 34.805 122 90 -99 97.4 0 0 0 
2 62 149 27.249 114 78 14 96.8 1 0 0 
2 63 130 23.026 116 64 -99 97.3 0 0 0 
1 69 174 25.693 108 65 -99 98 0 0 0 
1 72 182 24.681 118 70 12 -99 0 0 0 
1 75 199 24.871 134 88 20 98.3 0 0 0 
1 65 140.5 23.378 102 70 -99 98.6 0 0 0 
1 66 289 46.641 149 80 16 97.2 0 0 0 
2 -99 175 0 -99 -99 -99 -99 0 0 0 
1 64 232 39.818 108 66 18 98.2 1 0 0 
2 64 250 42.908 140 80 16 97 0 0 0 
1 -99 0 0 118 78 -99 -99 0 0 0 
2 62 157 28.713 -99 -99 -99 -99 0 0 0 
2 -99 160.8 0 119 88 -99 -99 0 0 0 
1 -99 0 0 121 70 18 98.2 0 0 0 
1 -99 0 0 -99 -99 16 98.2 0 0 0 
2 -99 0 0 110 70 12 -99 0 0 0 
2 66 194 31.309 112 74 -99 98 0 0 0 
2 64 236 40.505 134 78 18 -99 0 0 0 
1 -99 266 0 144 90 -99 -99 0 0 0 
1 73 265 34.959 146 84 -99 -99 0 0 0 
1 72 214 29.02 130 92 12 98.6 0 0 0 
2 -99 127 0 130 70 -99 98.8 0 0 0 
1 -99 0 0 110 78 14 -99 0 0 0 
2 66 150 24.208 133 75 18 97.4 0 0 0 
2 67 128 20.045 118 78 12 -99 0 0 0 
1 -99 304 0 130 90 -99 -99 0 0 0 
1 -99 0 0 136 60 -99 99.2 0 0 0 
2 63 203 35.956 126 79 18 98.4 0 0 0 
2 -99 126 0 128 76 -99 97.7 0 0 0 
2 61 0 0 132 62 12 -99 1 0 0 
1 71.5 252 34.653 110 78 12 -99 0 0 0 
1 -99 188 0 -99 -99 -99 -99 0 0 0 
1 66 162 26.145 130 70 20 97.3 0 0 0 
1 68 178 27.062 120 80 -99 98 0 0 0 
2 -99 128 0 110 80 -99 -99 0 0 0 
2 64 246 42.221 118 82 -99 98.2 0 0 0 
2 62 145.6 26.628 98 69 -99 -99 0 0 0 
2 -99 0 0 120 60 16 97.7 0 0 0 
2 63 139 24.62 116 64 20 98.4 0 0 0 
2 63 135 23.912 204 108 -99 -99 0 0 0 
1 69 172 25.397 125 73 16 98.6 0 0 0 
1 72 194.4 26.362 134 88 -99 97.1 0 0 0 
2 65.5 156.5 25.644 165 100 14 97.3 0 0 0 
2 -99 0 0 106 70 -99 98.3 0 0 0 
2 64 191 32.781 -99 -99 20 97.8 0 0 0 
2 62 178 32.553 90 50 16 98 0 0 0 
1 -99 245 0 130 80 -99 -99 0 0 0 
2 -99 170 0 130 92 -99 -99 0 0 0 
2 61 163 30.795 161 81 16 -99 0 0 0 
2 -99 0 0 -99 -99 16 98.8 0 0 0 
1 67 175 27.406 166 109 18 97.7 0 0 0 
2 64.5 0 0 100 58 16 98.6 0 0 0 
2 67 198 31.008 132 90 12 95.1 0 0 0 
1 72 264 35.801 103 68 -99 -99 0 0 0 
1 74 220 28.243 116 70 18 98.3 0 0 0 
2 -99 199 0 162 80 -99 -99 0 0 0 
2 67 196 30.695 123 71 12 97.6 0 0 0 
1 65 176 29.285 116 70 14 98.3 0 0 0 
1 66 296.8 47.9 144 94 -99 98.9 0 0 0 
2 67 133 20.828 104 62 20 97.9 1 0 0 
1 75 260 32.494 110 71 20 -99 0 0 0 
2 68 182.5 27.746 139 88 -99 -99 0 0 0 
1 -99 0 0 124 80 20 97.6 0 0 0 
2 65 137 22.796 110 70 16 97.5 0 0 0 
2 -99 185 0 130 80 18 98.7 0 0 0 
1 67 173 27.093 126 76 -99 -99 0 0 0 
1 -99 0 0 126 72 16 -99 0 0 0 
2 63 184 32.591 122 80 -99 -99 1 0 0 
2 -99 152.2 0 116 77 -99 -99 0 0 0 
2 64 280 48.057 132 82 -99 98.2 0 0 0 
2 64 208 35.699 145 83 -99 -99 0 0 0 
2 62 172 31.456 -99 -99 -99 -99 0 0 0 
2 66 195.6 31.567 128 76 -99 -99 0 0 0 
1 70 148 21.233 142 60 16 -99 0 0 0 
2 66 152 24.531 142 88 -99 96.6 0 0 0 
1 70 243 34.863 120 74 -99 -99 0 0 0 
1 -99 0 0 129 78 -99 98.6 0 0 0 
1 -99 190 0 138 88 -99 97.4 0 0 0 
1 69 175 25.84 110 70 -99 98 0 0 0 
2 62.008 149.914 27.41 116 84 -99 -99 0 0 0 
2 60.5 184 35.34 140 60 18 98.2 0 0 0 
1 65 151 25.125 114 78 -99 97.5 0 0 0 
2 -99 110 0 117 67 14 97.6 0 0 0 
1 -99 205 0 -99 -99 -99 101.6 0 0 0 
2 61 168 31.74 120 74 -99 -99 1 0 0 
1 70.7 155 21.8 149 72 16 97 0 0 0 
1 -99 0 0 -99 -99 -99 98.6 0 0 0 
1 68 182 27.67 122 66 12 96.9 0 0 0 
2 -99 195.8 0 112 74 -99 97.8 0 0 0 
1 -99 0 0 140 78 12 -99 1 0 0 
2 -99 126 0 140 80 -99 -99 0 0 0 
2 63 252.5 44.723 108 80 -99 98.3 1 0 0 
2 64 201 34.498 142 86 -99 -99 0 0 0 
1 73 205 27.044 142 70 14 98.6 0 0 0 
2 67 128 20.045 102 68 -99 -99 0 0 0 
1 71 214 29.844 125 95 -99 97.5 0 0 0 
2 60 185 36.126 162 84 -99 98.7 0 0 0 
1 72 290 39.327 122 84 -99 -99 0 0 0 
2 -99 188 0 108 54 -99 -99 0 0 0 
1 -99 240 0 -99 -99 -99 -99 0 0 0 
1 -99 0 0 112 64 18 -99 0 0 0 
2 62 137 25.055 130 60 18 97.7 0 0 0 
1 73 211.6 27.914 118 84 -99 98.1 0 0 0 
1 -99 0 0 110 70 20 -99 0 0 0 
1 66 137 22.11 118 70 14 98.1 0 0 0 
1 71.8 213 29.046 218 122 20 98.1 0 0 0 
1 68 168 25.542 127 67 -99 98.8 0 0 1 
1 71 241 33.609 120 58 -99 -99 0 0 1 
2 -99 0 0 139 80 14 -99 0 0 1 
2 -99 252 0 118 78 12 -99 0 0 1 
2 61 130 24.561 172 76 12 98.2 0 0 1 
2 69 170.8 25.22 110 58 16 96.7 0 0 1 
2 59 139 28.072 130 76 16 -99 0 0 1 
2 59.5 146 28.992 118 72 14 98.4 0 0 1 
2 -99 147.5 0 130 80 20 98 0 0 1 
1 -99 130 0 124 84 18 97.2 0 0 1 
2 -99 0 0 128 86 14 -99 0 0 1 
1 64 178 30.55 124 68 16 98.4 0 0 1 
2 67 161 25.213 126 70 20 97.6 0 0 1 
1 74 227 29.142 128 80 -99 -99 0 0 1 
2 67 150 23.491 130 84 20 97 0 0 1 
1 72 178 24.139 106 70 -99 97.2 0 0 1 
2 -99 0 0 148 91 14 -99 0 0 1 
2 -99 0 0 105 66 16 -99 0 0 1 
2 66.5 166 26.389 122 77 18 99.1 0 0 1 
1 63 179 31.705 120 62 -99 -99 0 0 1 
1 72.5 234 31.296 146 69 18 97.6 0 0 1 
1 73 233 30.737 -99 -99 -99 -99 0 0 1 
2 66 210 33.891 128 84 -99 97.7 0 0 1 
2 67 165 25.84 130 80 20 98.4 1 0 1 
2 -99 146 0 110 70 20 98.1 0 0 1 
2 -99 148 0 132 78 20 98.1 0 0 1 
1 67 198.6 31.102 122 82 16 97.4 0 0 1 
2 60 198 38.665 118 70 18 96.3 0 0 1 
1 73 241 31.793 122 80 17 97.1 0 0 1 
2 -99 0 0 138 76 20 -99 0 0 1 
1 66 154 24.854 142 110 16 99.1 0 0 1 
1 -99 0 0 157 96 -99 98.4 0 0 1 
2 -99 177.4 0 122 83 18 97.7 0 0 1 
2 -99 138 0 112 72 12 97.7 0 0 1 
1 66.5 178 28.296 130 60 16 97.8 0 0 1 
2 60 161 31.44 138 80 16 -99 0 0 1 
2 63 245 43.395 140 80 16 98.4 0 0 1 
1 67 172.8 27.061 124 62 18 95.5 0 0 1 
1 70 201 28.837 120 78 16 98.6 0 0 1 
2 -99 0 0 122 58 16 97.8 0 0 1 
2 64 112 19.223 110 72 16 97.9 0 0 1 
1 73 283 37.333 122 74 20 96.7 0 0 1 
2 -99 0 0 140 82 20 -99 0 0 1 
2 -99 0 0 127 92 -99 98.1 0 0 1 
2 64 236 40.505 120 85 16 -99 0 0 1 
1 74 219 28.115 118 70 -99 97.8 0 0 1 
2 67 150 23.491 130 84 20 97 0 0 1 
1 70 212 30.416 139 81 18 97.4 0 0 1 
2 -99 149 0 112 77 -99 97.1 0 0 1 
2 -99 0 0 127 90 14 -99 0 0 1 
2 64 230 39.475 150 80 16 98.2 0 0 1 
1 70 216.9 31.119 110 76 18 98.1 0 0 1 
2 64 250 42.908 140 70 16 -99 0 0 1 
1 66 155 25.015 134 69 -99 -99 0 0 1 
1 70 209 29.985 146 92 22 97.2 0 0 1 
1 73 296 39.048 130 80 16 98.5 0 0 1 
2 69 299 44.15 140 56 16 97.4 0 0 1 
2 65 0 0 115 73 20 98.3 0 0 1 
2 65 245.4 40.832 130 80 16 97.4 0 0 1 
2 56 117 26.228 140 70 16 98.2 0 0 1 
1 64 174 29.864 134 89 -99 -99 0 0 1 
1 71 290.2 40.47 124 78 -99 96.8 1 0 1 
2 67 177 27.719 128 80 20 98.4 1 0 1 
2 -99 142 0 122 68 12 97.7 0 0 1 
2 56 128 28.694 110 70 16 97.8 0 0 1 
1 66.5 180 28.614 180 82 16 98.6 0 0 1 
2 61 130 24.561 172 76 12 98.2 0 0 1 
1 71 140 19.524 162 97 20 94.7 0 0 1 
2 60 188 36.712 148 80 18 98.4 1 0 1 
2 61 218 41.186 148 90 -99 -99 0 0 1 
1 69 226.4 33.43 162 78 16 100.1 0 0 1 
2 67 165 25.84 130 80 20 98.4 1 0 1 
2 60 204.148 39.866 110 80 18 94.46 0 0 1 
2 66.5 171 27.184 121 82 20 98.12 0 0 1 
1 69 287 42.378 145 90 16 96.8 0 0 1 
2 65 240 39.934 138 98 50 95.9 0 0 1 
2 -99 142 0 122 68 12 97.7 0 0 1 
1 -99 0 0 148 78 16 98.2 0 0 1 
2 -99 148 0 132 78 20 98.1 0 0 1 
2 65 259 43.095 132 82 18 -99 0 0 1 
2 67 163.2 25.558 130 70 16 -99 0 0 1 
2 60 206.2 40.266 114 76 16 94.1 0 0 1 
1 68 142 21.589 105 71 18 98.2 0 0 1 
2 56 124 27.797 112 58 16 98.2 0 0 1 
2 60 161 31.44 138 80 16 -99 0 0 1 
2 66.5 176 27.979 121 82 18 100 0 0 1 
1 70 212 30.416 146 88 18 -99 0 0 1 
2 69 228 33.666 122 80 16 99.3 0 0 1 
2 63.5 174 30.336 142 64 15 97.9 0 0 1 
2 62 137 25.055 160 98 16 98.4 0 0 1 
2 65 0 0 135 78 16 97.6 0 0 1 
1 71 0 0 116 71 20 97.8 0 0 1 
2 -99 150.5 0 114 50 20 98.1 0 0 1 
1 72 180 24.41 128 80 -99 97.7 0 0 1 
2 61 140 26.45 128 60 16 98.4 0 0 1 
2 -99 0 0 100 50 14 -99 0 0 1 
1 -99 0 0 102 56 -99 97.5 0 0 1 
1 75 230 28.745 118 86 -99 -99 0 0 1 
2 69 244 36.029 122 80 18 96.8 0 0 1 
1 73 262 34.563 124 60 17 97.2 0 0 1 
1 73 157 20.711 140 92 20 98 0 0 1 
2 69 299 44.15 140 80 16 97 0 0 1 
2 61 151 28.528 110 60 16 98.4 0 0 1 
2 65 96.1 15.99 104 84 -99 95.3 0 0 1 
1 72 180 24.41 128 80 -99 97.7 0 0 1 
2 54 205 49.422 120 79 15 97.9 0 0 1 
1 -99 172 0 136 80 -99 97.7 0 0 1 
2 -99 138 0 112 72 12 97.7 0 0 1 
2 -99 147 0 97 68 16 98 0 0 1 
2 67 263 41.187 130 80 16 96.7 0 0 1 
1 75 231 28.87 116 78 -99 -99 0 0 1 
1 66 169.8 27.403 132 78 -99 96.2 1 0 1 
2 61 140 26.45 200 90 18 97.5 0 0 1 
2 69 225 33.223 133 88 16 97 0 0 1 
2 67 132 20.672 132 80 16 96 0 0 1 
1 -99 0 0 120 77 18 97 0 0 1 
1 70 214 30.702 130 80 20 99.2 0 0 1 
1 -99 0 0 157 96 -99 98.4 0 0 1 
2 64 232 39.818 143 75 16 98.4 1 0 1 
2 65 0 0 122 72 18 99 0 0 1 
1 68 150 22.805 135 81 -99 -99 0 0 1 
2 62 208 38.04 110 80 16 98.8 0 0 1 
2 54 189 45.565 120 60 17 97.5 0 0 1 
1 73 304.8 40.209 130 70 16 -99 0 0 1 
2 -99 207 0 117 86 -99 98.6 0 0 1 
2 67 163 25.527 132 70 20 96.9 0 0 1 
2 67 258.2 40.435 128 80 14 -99 0 0 1 
2 58 159 33.227 130 70 16 97.4 0 0 1 
1 68 136 20.676 105 80 18 -99 0 0 1 
2 -99 0 0 122 72 16 -99 1 0 1 
1 70 194 27.833 132 74 -99 -99 0 0 1 
2 -99 0 0 138 78 -99 -99 0 0 1 
2 61 150.2 28.377 92 52 18 97.1 0 0 1 
1 66 170.6 27.533 130 74 -99 96.7 1 0 1 
1 64 178 30.55 140 80 16 98.2 0 0 1 
1 67 0 0 145 82 -99 -99 0 0 1 
2 61 151 28.528 110 60 16 98.4 0 0 1 
1 68 142 21.589 105 71 18 98.2 0 0 1 
2 -99 177.4 0 122 83 18 97.7 0 0 1 
1 66 172.4 27.823 116 68 -99 96.7 1 0 1 
1 67 188 29.442 130 68 16 98.2 0 0 1 
2 -99 0 0 118 50 12 97.6 0 0 1 
1 -99 164 0 145 75 15 -99 0 0 1 
1 69 160 23.625 140 96 18 97.6 0 0 1 
2 -99 195 0 130 78 -99 97.2 1 0 1 
1 -99 0 0 108 70 -99 -99 0 0 1 
2 60 187 36.517 135 67 18 98 0 0 1 
1 66 171.6 27.694 160 78 -99 97.4 0 0 1 
2 62 128 23.409 160 80 20 98.3 0 0 1 
2 64 250 42.908 140 70 16 -99 0 0 1 
2 68 165 25.085 127 95 -99 -99 1 0 1 
2 -99 0 0 120 56 12 97.8 0 0 1 
2 61 142 26.828 162 73 16 97.4 0 0 1 
2 60 147 28.706 140 70 16 98 0 0 1 
2 64 116 19.909 100 75 14 98.1 0 0 1 
2 68 231 35.12 120 76 -99 -99 0 0 1 
1 68 147 22.349 114 75 18 -99 0 0 1 
1 66 172.2 27.791 144 78 -99 97.2 0 0 1 
1 75 230 28.745 118 86 -99 -99 0 0 1 
2 67 167 26.153 126 72 20 98.2 0 0 1 
1 70 201 28.837 120 78 16 98.6 0 0 1 
2 63 295.7 52.375 122 80 20 98.7 0 0 1 
1 73 297 39.18 150 88 16 97.6 0 0 1 
2 65 216 35.94 130 80 16 98.1 0 0 1 
2 61 142 26.828 127 82 22 97.8 0 0 1 
2 -99 0 0 131 83 20 -99 0 0 1 
1 69 197.6 29.177 142 82 -99 97.6 0 0 1 
2 61 142 26.828 127 82 22 97.8 0 0 1 
1 67 173 27.093 110 70 18 97.6 0 0 1 
1 71 226 31.517 160 60 16 98 0 0 1 
2 64 189 32.438 148 72 -99 -99 0 0 1 
1 67 234.2 36.677 136 78 -99 -99 0 0 1 
2 61 215 40.619 160 80 -99 -99 0 0 1 
2 66 141.5 22.836 116 74 -99 -99 1 0 1 
2 66 235 37.926 114 70 -99 -99 0 0 1 
2 56 128 28.694 110 70 16 97.8 0 0 1 
1 -99 0 0 108 70 -99 -99 0 0 1 
1 73 158 20.843 128 82 16 97.9 0 0 1 
1 68 155 23.565 120 78 18 -99 0 0 1 
2 61 150.6 28.453 110 50 16 99 0 0 1 
1 -99 0 0 128 76 -99 -99 0 0 1 
2 64 116 19.909 100 75 14 98.1 0 0 1 
2 69 164.4 24.275 110 72 18 -99 0 0 1 
2 -99 208 0 137 60 -99 -99 0 0 1 
1 70 215 30.846 145 80 17 97.6 0 0 1 
1 70 264 37.876 140 92 20 97.1 0 0 1 
1 67 209 32.73 122 80 16 -99 1 0 1 
1 70 190 27.259 140 80 20 97.6 0 0 1 
1 72 273 37.021 140 80 20 97 0 0 1 
2 60 198 38.665 118 70 18 96.3 0 0 1 
1 -99 247 0 92 64 20 97.8 0 0 1 
1 -99 0 0 130 70 -99 -99 0 0 1 
1 78 0 0 130 70 16 98.6 0 0 1 
1 66 172.2 27.791 144 78 -99 97.2 0 0 1 
1 75 229.5 28.682 134 70 18 97 0 0 1 
1 65 185 30.782 120 80 -99 -99 0 0 1 
1 71 228 31.796 136 60 16 -99 0 0 1 
2 67 264 41.344 124 80 16 -99 0 0 1 
1 -99 0 0 128 76 -99 -99 0 0 1 
2 56 121 27.125 106 62 16 98.2 0 0 1 
2 69 170.8 25.22 110 58 16 96.7 0 0 1 
2 68 162 24.629 125 89 -99 -99 1 0 1 
2 -99 0 0 101 66 -99 -99 0 0 1 
2 67 158.4 24.806 160 80 16 95.4 0 0 1 
1 73 158 20.843 128 82 16 97.9 0 0 1 
2 61 118 22.293 152 84 18 99 0 0 1 
1 -99 195 0 142 90 -99 98.2 0 0 1 
1 -99 0 0 120 77 18 97 0 0 1 
2 -99 252 0 118 78 12 -99 0 0 1 
1 72 173.8 23.569 170 90 16 97.3 0 0 1 
1 -99 0 0 106 60 -99 97.2 0 0 1 
1 -99 229 0 94 65 -99 97.3 0 0 1 
2 60 205.2 40.071 120 74 18 94.9 0 0 1 
1 -99 209 0 132 82 -99 97.6 0 0 1 
2 63 240 42.509 142 86 16 98.8 0 0 1 
2 61 150 28.339 108 60 16 98.5 0 0 1 
2 64 241.6 41.466 162 92 18 98.2 0 0 1 
1 -99 0 0 106 72 14 -99 0 0 1 
2 -99 248 0 100 70 20 -99 0 0 1 
2 -99 0 0 120 72 12 -99 0 0 1 
2 64 230 39.475 150 80 16 98.2 0 0 1 
2 -99 171 0 144 82 24 -99 0 0 1 
2 68 231 35.12 110 72 -99 97.3 0 0 1 
1 72 205 27.8 124 96 16 97.8 1 0 1 
2 65 204.5 34.027 120 80 22 96.7 0 0 1 
2 54 189 45.565 120 60 17 97.5 0 0 1 
2 -99 0 0 105 65 16 97.8 1 0 1 
2 -99 0 0 -99 -99 16 98.8 0 0 1 
2 64 195 33.468 140 79 -99 -99 0 0 1 
1 70 265 38.019 130 78 20 97.2 0 0 1 
1 71.5 241 33.141 120 70 -99 97.6 0 0 1 
2 61 137 25.883 164 79 16 -99 0 0 1 
2 61 234 44.209 135 75 18 97 0 0 1 
2 61.8 216.5 39.851 162 82 18 -99 0 0 1 
1 72.008 309.97 42.026 172 90 -99 96.98 0 0 1 
2 63 295.7 52.375 122 80 20 98.7 0 0 1 
2 64 236 40.505 120 85 16 -99 0 0 1 
1 -99 0 0 150 80 -99 -99 0 0 1 
1 -99 184 0 152 78 12 -99 0 0 1 
2 59.5 146 28.992 98 50 12 97.7 0 0 1 
2 62 207 37.857 116 60 16 96.9 0 0 1 
1 -99 0 0 110 64 18 97.4 0 0 1 
2 61 130 24.561 172 76 12 98.2 0 0 1 
2 -99 0 0 130 62 14 98.6 0 0 1 
1 70 212 30.416 148 96 18 96.7 0 0 1 
1 67 173.8 27.218 108 70 20 -99 0 0 1 
2 64 113 19.394 110 60 14 98.2 0 0 1 
1 70 210 30.129 132 89 18 96.8 0 0 1 
2 61 138 26.072 145 92 16 97 0 0 1 
1 70 214 30.702 129 78 18 97.5 0 0 1 
2 59.5 146 28.992 118 72 14 98.4 0 0 1 
2 67 258.6 40.498 140 84 16 -99 0 0 1 
2 67 156 24.43 150 80 16 97.5 0 0 1 
2 -99 0 0 138 94 -99 -99 1 0 1 
1 72 299 40.547 136 84 -99 96.4 0 0 1 
2 59.5 141 27.999 91 70 15 97.3 0 0 1 
1 -99 192 0 132 80 -99 -99 0 0 1 
1 69.5 250 36.385 132 72 -99 -99 0 0 1 
2 -99 0 0 114 62 18 98.8 0 0 1 
1 70 185 26.542 130 70 16 96.1 0 0 1 
1 67 236 36.959 140 80 -99 -99 0 0 1 
2 67 158 24.744 128 72 20 98.3 0 0 1 
2 -99 252 0 118 78 12 -99 0 0 1 
2 61 140 26.45 200 90 18 97.5 0 0 1 
2 -99 0 0 102 71 14 -99 0 0 1 
1 67 226 35.393 130 84 -99 -99 0 0 1 
2 61.5 210 39.032 126 66 12 -99 0 0 1 
1 69.5 230 33.474 146 82 16 97.7 0 0 1 
2 67 170 26.623 122 80 20 97.7 0 0 1 
1 75 231 28.87 116 78 -99 -99 0 0 1 
1 64 177 30.379 180 80 16 100 0 0 1 
2 64 248 42.564 -99 -99 -99 -99 0 0 1 
2 64 195 33.468 140 79 -99 -99 0 0 1 
2 61 125 23.616 160 60 18 98.7 0 0 1 
1 75 230 28.745 118 86 -99 -99 0 0 1 
2 61 212 40.053 142 54 -99 -99 0 0 1 
1 -99 0 0 -99 -99 16 98.2 0 0 1 
1 65.5 130 21.302 133 83 16 97.2 0 0 1 
2 69 210 31.008 122 70 16 98.2 0 0 1 
2 -99 0 0 120 78 16 97.3 0 0 1 
2 64 195 33.468 140 79 -99 -99 0 0 1 
2 66.5 170 27.025 104 74 16 99.7 0 0 1 
2 68 237 36.032 118 84 -99 96 0 0 1 
1 64 235.4 40.402 124 74 14 97.6 0 0 1 
2 -99 0 0 128 78 -99 97.9 1 0 1 
2 65 183.4 30.516 118 72 16 98.3 0 0 1 
2 67 176 27.562 126 82 20 96.8 0 0 1 
1 67 234.2 36.677 136 78 -99 -99 0 0 1 
2 62 206 37.674 148 92 -99 -99 0 0 1 
1 67 192 30.068 118 60 16 98.5 0 0 1 
1 -99 0 0 106 72 14 -99 0 0 1 
2 -99 0 0 136 91 16 -99 0 0 1 
2 63 295.7 52.375 120 80 16 94.1 0 0 1 
2 64 189 32.438 148 72 -99 -99 0 0 1 
2 60 140 27.339 130 80 -99 -99 0 0 1 
2 59 141.5 28.576 130 60 16 -99 0 0 1 
1 75 256 31.994 130 78 18 97 0 0 1 
1 73 309 40.763 118 58 15 96.7 0 0 1 
1 67 198 31.008 144 90 16 98.3 0 0 1 
1 -99 172 0 136 80 -99 97.7 0 0 1 
1 67 185 28.972 130 76 16 98.1 0 0 1 
2 -99 0 0 138 78 -99 -99 0 0 1 
1 68 153 23.261 94 65 20 -99 0 0 1 
1 68 217.4 33.052 160 60 17 -99 0 0 1 
1 68 150 22.805 135 81 -99 -99 0 0 1 
2 61 150 28.339 108 60 16 98.5 0 0 1 
2 -99 239 0 124 76 -99 97.4 0 0 1 
1 73 323.2 42.636 130 82 20 96.7 0 0 1 
1 68 151 22.957 109 68 18 97.8 0 0 1 
1 67 226 35.393 130 84 -99 -99 0 0 1 
1 68 142 21.589 105 71 18 98.2 0 0 1 
2 -99 259 0 125 77 20 -99 0 0 1 
1 70 210 30.129 132 89 18 96.8 0 0 1 
1 68 139 21.133 133 85 18 -99 0 0 1 
1 74 219 28.115 118 70 -99 97.8 0 0 1 
1 -99 247 0 100 68 18 97.6 0 0 1 
2 69 176 25.988 122 80 16 98.9 0 0 1 
1 66 185.5 29.937 122 84 17 -99 0 0 1 
1 67 173.8 27.218 108 70 20 -99 0 0 1 
1 73 320.4 42.267 180 90 16 97.6 0 0 1 
2 -99 0 0 120 55 12 -99 0 0 1 
1 -99 184 0 152 78 12 -99 0 0 1 
2 67 258.6 40.498 140 84 16 -99 0 0 1 
2 61 138 26.072 164 83 18 97.4 0 0 1 
1 -99 0 0 109 61 -99 98.5 0 0 1 
1 67 196 30.695 120 92 16 98.2 0 0 1 
1 -99 0 0 134 78 20 99.3 0 0 1 
1 68 217.4 33.052 142 60 18 96.8 0 0 1 
2 67 175 27.406 124 72 20 97.4 0 0 1 
2 65 0 0 132 86 16 98 0 0 1 
2 66 235 37.926 114 70 -99 -99 0 0 1 
1 65 146 24.293 112 70 -99 -99 0 0 1 
2 69 210 31.008 122 70 16 98.2 0 0 1 
2 62 206 37.674 110 70 16 -99 0 0 1 
1 -99 213 0 136 77 -99 97.2 0 0 1 
1 66 169.8 27.403 132 78 -99 96.2 1 0 1 
2 -99 248 0 112 70 14 -99 0 0 1 
2 54 205 49.422 120 79 15 97.9 0 0 1 
1 70 212 30.416 148 87 16 96.7 0 0 1 
2 63 245 43.395 140 80 16 98.4 0 0 1 
2 65 245.4 40.832 130 80 16 97.4 0 0 1 
1 70 193 27.69 122 76 20 98.6 0 0 1 
1 66.5 176 27.979 100 58 16 98.4 0 0 1 
1 67 218 34.14 118 80 18 -99 0 0 1 
1 68.75 0 0 142 90 -99 -99 1 0 1 
1 -99 168.4 0 142 94 14 98.6 0 0 1 
2 -99 0 0 120 70 14 97.8 0 0 1 
2 66 204 32.923 144 90 12 97.8 0 0 1 
1 68 217.4 33.052 160 60 17 -99 0 0 1 
1 66 168.8 27.242 148 78 -99 97.6 0 0 1 
1 71 241 33.609 120 58 -99 -99 0 0 1 
1 71 177 24.684 238 104 14 98.1 0 0 1 
1 70 209 29.985 146 92 22 97.2 0 0 1 
1 66 173 27.92 116 68 -99 97.6 1 0 1 
1 -99 0 0 142 82 -99 -99 0 0 1 
1 68 146 22.197 114 90 18 -99 0 0 1 
2 66.5 175 27.82 124 81 14 98.2 0 0 1 
1 72.5 234 31.296 139 64 14 98.3 0 0 1 
2 67 264 41.344 124 80 16 -99 0 0 1 
1 71 248 34.585 146 91 -99 97.7 0 0 1 
2 -99 0 0 130 70 16 97 0 0 1 
1 64 180 30.894 142 64 14 98.5 0 0 1 
2 66 98.3 15.864 99 67 -99 96.2 0 0 1 
2 61 150.6 28.453 110 50 16 99 0 0 1 
1 73 304.8 40.209 130 70 16 -99 0 0 1 
1 66.5 176 27.979 98 58 18 97.7 0 0 1 
2 64 118 20.252 100 60 18 97.3 0 0 1 
1 70 215 30.846 144 88 16 -99 0 0 1 
2 67 172 26.936 130 72 20 98.3 1 0 1 
1 -99 0 0 142 78 -99 -99 0 0 1 
2 61 135 25.505 181 86 16 97.6 0 0 1 
2 -99 0 0 -99 -99 16 98.8 0 0 1 
1 64 177 30.379 180 80 16 100 0 0 1 
2 62 202 36.942 120 80 16 97.2 0 0 1 
1 64 173 29.692 122 70 -99 -99 0 0 1 
2 64 195 33.468 140 79 -99 -99 0 0 1 
1 71 241 33.609 120 58 -99 -99 0 0 1 
1 68 148 22.501 122 84 18 -99 0 0 1 
1 -99 0 0 109 61 -99 98.5 0 0 1 
2 -99 257 0 142 86 20 -99 0 0 1 
2 -99 0 0 105 66 16 -99 0 0 1 
1 68 139 21.133 133 85 18 -99 0 0 1 
1 -99 209 0 132 82 -99 97.6 0 0 1 
1 66.5 180 28.614 180 82 16 98.6 0 0 1 
1 70 212 30.416 153 91 16 -99 0 0 1 
1 70 210 30.129 132 89 18 96.8 0 0 1 
1 72.5 234 31.296 139 64 14 98.3 0 0 1 
1 -99 0 0 132 82 16 -99 0 0 1 
2 61.8 216.5 39.851 162 82 18 -99 0 0 1 
1 72 325 44.073 164 100 -99 98.2 0 0 1 
1 67 226 35.393 130 84 -99 -99 0 0 1 
2 67 166 25.996 130 80 20 97.7 1 0 1 
1 66 168.4 27.178 162 78 -99 96.7 0 0 1 
1 72.5 232 31.029 131 69 16 97.8 0 0 1 
1 66 173.8 28.049 96 58 -99 97.3 0 0 1 
1 67 181.4 28.408 146 90 15 96.6 0 0 1 
1 -99 0 0 148 78 16 98.2 0 0 1 
1 69 205 30.27 121 77 18 97.3 0 0 1 
2 61 141 26.639 199 98 16 97 0 0 1 
1 66 185.5 29.937 122 84 17 -99 0 0 1 
2 -99 0 0 134 88 -99 -99 0 0 1 
1 70 215 30.846 145 80 17 97.6 0 0 1 
2 62 207 37.857 116 60 16 96.9 0 0 1 
2 56 128 28.694 110 70 16 97.8 0 0 1 
1 73 161 21.239 130 82 16 98.3 0 0 1 
1 67 198 31.008 144 90 16 98.3 0 0 1 
1 72 309 41.903 170 92 -99 97.2 0 0 1 
2 61 140 26.45 128 60 16 98.4 0 0 1 
2 59 240 48.469 120 70 16 98.3 0 0 1 
2 -99 0 0 107 70 16 -99 0 0 1 
1 68 217.4 33.052 142 60 18 96.8 0 0 1 
2 69 180 26.578 122 80 16 97.8 0 0 1 
2 -99 0 0 138 79 -99 98.2 0 0 1 
2 67 258.2 40.435 128 80 14 -99 0 0 1 
2 63 295.7 52.375 130 100 16 93.8 0 0 1 
1 70 252 36.154 142 68 16 97.2 0 0 1 
2 61 138 26.072 164 83 18 97.4 0 0 1 
1 68 228 34.663 120 80 16 98.2 0 0 1 
1 -99 0 0 136 86 -99 -99 0 0 1 
1 66 156 25.176 129 91 -99 -99 0 0 1 
1 -99 153 0 130 70 15 98.2 0 0 1 
2 -99 207 0 117 86 -99 98.6 0 0 1 
2 64 165 28.319 118 8 14 98.3 0 0 1 
2 67 158.4 24.806 160 80 16 95.4 0 0 1 
2 65 265 44.093 128 84 18 97.3 0 0 1 
2 59.5 146 28.992 91 63 16 98.1 0 0 1 
1 70 203 29.124 122 77 18 98.3 0 0 1 
1 66.5 177 28.137 94 60 16 98.1 0 0 1 
1 67 0 0 145 82 -99 -99 0 0 1 
2 -99 177.4 0 122 83 18 97.7 0 0 1 
1 68 211 32.079 180 60 16 96.7 0 0 1 
1 66.5 185 29.409 140 62 16 98.3 0 0 1 
1 69 205 30.27 145 95 18 -99 0 0 1 
2 61.5 140 26.022 140 70 20 98 0 0 1 
1 70 220 31.563 140 83 18 97.6 0 0 1 
2 67 185 28.972 110 80 20 97.9 0 0 1 
1 66 169.2 27.307 138 78 -99 96.4 1 0 1 
2 60.5 168 32.267 144 88 20 97.7 0 0 1 
1 70 261 37.446 140 80 20 97 0 0 1 
2 63 295.7 52.375 122 80 20 98.7 0 0 1 
2 68 233 35.424 132 70 -99 97.9 0 0 1 
2 66 206.4 33.31 146 80 17 96.3 0 0 1 
2 61 234 44.209 135 75 18 97 0 0 1 
2 -99 0 0 132 89 20 -99 0 0 1 
1 70 212 30.416 146 88 18 -99 0 0 1 
1 75 236 29.495 130 68 -99 -99 0 0 1 
2 65 259 43.095 122 90 18 -99 0 0 1 
1 -99 232.2 0 122 72 20 -99 0 0 1 
2 63.5 169 29.464 110 64 15 98.4 0 0 1 
1 68 148 22.501 122 84 18 -99 0 0 1 
1 68 168 25.542 127 67 -99 98.8 0 0 1 
2 61 130 24.561 172 76 12 98.2 0 0 1 
2 58 129 26.958 124 70 20 97 0 0 1 
2 -99 0 0 112 84 14 98.2 0 0 1 
2 -99 0 0 146 82 18 -99 0 0 1 
2 -99 146 0 110 70 20 98.1 0 0 1 
2 -99 0 0 130 70 16 97 0 0 1 
2 63 257 45.521 154 82 18 98.2 0 0 1 
1 -99 0 0 112 68 16 97 0 0 1 
2 -99 0 0 135 76 -99 -99 0 0 1 
1 66 169.8 27.403 154 70 -99 97.6 0 0 1 
2 -99 0 0 118 50 12 97.6 0 0 1 
2 -99 0 0 132 75 12 -99 0 0 1 
2 65 216 35.94 130 80 16 98.1 0 0 1 
1 69 265 39.129 -99 -99 18 97.4 0 0 1 
1 68 164 24.933 110 78 15 -99 0 0 1 
2 65 96.1 15.99 104 84 -99 95.3 0 0 1 
2 62 125 22.86 146 96 18 98.6 0 0 1 
2 61 141 26.639 199 98 16 97 0 0 1 
2 -99 144 0 120 70 12 97.9 0 0 1 
2 69 230 33.961 120 89 18 -99 0 0 1 
2 62 130 23.775 139 75 18 97.5 0 0 1 
1 65 146 24.293 112 70 -99 -99 0 0 1 
2 -99 0 0 148 91 14 -99 0 0 1 
2 -99 0 0 120 55 12 -99 0 0 1 
2 60 140 27.339 130 80 -99 -99 0 0 1 
2 -99 0 0 -99 -99 16 98.8 0 0 1 
2 63.5 162 28.244 128 85 -99 96.8 1 0 1 
1 -99 144 0 152 77 24 -99 0 0 1 
2 -99 0 0 138 80 -99 97.4 0 0 1 
2 -99 0 0 128 78 -99 97.9 1 0 1 
1 71 293.2 40.889 142 98 -99 96.3 0 0 1 
2 -99 163 0 114 75 -99 97 1 0 1 
1 72 206 27.936 140 80 -99 97.2 1 0 1 
1 72 178 24.139 106 70 -99 97.2 0 0 1 
1 71 177 24.684 238 104 14 98.1 0 0 1 
1 68 175 26.606 135 83 -99 99.2 0 0 1 
1 73 161 21.239 130 82 16 98.3 0 0 1 
2 63.75 183 31.655 100 70 16 97.8 1 0 1 
1 75 224 27.995 122 80 -99 -99 0 0 1 
2 63 232 41.092 150 90 16 98.2 0 0 1 
2 -99 147.5 0 130 80 20 98 0 0 1 
1 72 178 24.139 106 70 -99 97.2 0 0 1 
2 66.5 170 27.025 104 74 16 99.7 0 0 1 
1 73 232 30.605 118 70 -99 -99 0 0 1 
2 -99 189 0 132 88 -99 97.4 0 0 1 
2 68 236 35.88 114 70 -99 97.9 0 0 1 
1 70 216.9 31.119 110 76 18 98.1 0 0 1 
1 66 170 27.436 128 68 -99 96.6 1 0 1 
1 67 181.4 28.408 146 90 15 96.6 0 0 1 
2 66 141.5 22.836 116 74 -99 -99 1 0 1 
2 -99 0 0 125 79 22 -99 0 0 1 
2 -99 0 0 145 92 20 -99 0 0 1 
1 75 222 27.745 128 84 -99 -99 0 0 1 
1 -99 189 0 124 62 -99 -99 0 0 1 
2 -99 0 0 115 70 14 -99 0 0 1 
1 70 257 36.872 130 84 20 97 0 0 1 
1 68 147 22.349 114 75 18 -99 0 0 1 
2 62 128 23.409 160 80 20 98.3 0 0 1 
2 61 138 26.072 164 83 18 97.4 0 0 1 
2 69 244 36.029 122 80 18 96.8 0 0 1 
1 68 150 22.805 130 75 15 98.1 0 0 1 
1 -99 0 0 -99 -99 16 98.2 0 0 1 
1 71 0 0 116 71 20 97.8 0 0 1 
1 67 185 28.972 130 76 16 98.1 0 0 1 
2 60 180.9 35.326 132 78 18 97.4 0 0 1 
1 66 156 25.176 129 91 -99 -99 0 0 1 
2 -99 0 0 135 76 -99 -99 0 0 1 
1 67 170.4 26.685 110 70 16 95.8 0 0 1 
2 -99 0 0 148 91 14 -99 0 0 1 
1 72.008 309.97 42.026 172 90 -99 96.98 0 0 1 
2 65 0 0 135 78 16 97.6 0 0 1 
2 65 238 39.601 110 70 16 98.4 0 0 1 
1 -99 209 0 132 82 -99 97.6 0 0 1 
2 65 240 39.934 138 98 50 95.9 0 0 1 
1 70 201 28.837 120 78 16 98.6 0 0 1 
1 66 170.4 27.5 142 82 -99 96.7 0 0 1 
1 72 309 41.903 170 92 -99 97.2 0 0 1 
2 65 203 33.777 118 80 14 98.8 0 0 1 
1 70 203 29.124 122 77 18 98.3 0 0 1 
1 70 214 30.702 145 88 18 97.8 0 0 1 
2 61 125 23.616 198 90 18 98.6 0 0 1 
2 -99 0 0 117 94 18 -99 0 0 1 
