1 -99 0 0 117 68 18 -99 0 0 0 
2 64 250 42.908 140 80 16 97 0 0 0 
2 -99 0 0 126 80 -99 -99 0 0 0 
2 -99 0 0 128 80 -99 98.5 0 0 0 
1 68 197 29.95 122 70 16 96.5 0 0 0 
2 59 173.8 35.1 138 82 20 -99 0 0 0 
2 -99 152 0 149 87 18 97.4 0 0 0 
1 64 153 26.26 130 70 15 -99 0 0 0 
2 -99 0 0 125 82 18 -99 0 0 0 
1 69 177.5 26.209 120 82 12 98.6 0 0 0 
1 -99 245 0 130 80 -99 -99 0 0 0 
2 64 167 28.662 102 80 -99 97.9 0 0 0 
1 74 170 21.824 118 84 12 97.8 0 0 0 
1 69.5 251 36.531 136 72 -99 -99 0 0 0 
2 64 142 24.372 110 76 -99 98.9 0 0 0 
1 65.5 160 26.218 144 74 20 97.1 0 0 0 
2 -99 117 0 96 62 20 -99 0 0 0 
1 -99 170.5 0 110 80 -99 -99 0 0 0 
2 -99 146.2 0 134 82 17 96.3 0 0 0 
2 -99 0 0 118 65 -99 98 0 0 0 
2 -99 160.4 0 -99 -99 -99 -99 0 0 0 
2 65 127 21.132 114 70 12 -99 0 0 0 
2 -99 225 0 140 96 24 97.6 1 0 0 
1 69 159 23.478 148 80 20 96.6 0 0 0 
1 70 152 21.807 97 65 18 98 0 0 0 
2 -99 192 0 110 72 -99 97.8 0 0 0 
2 -99 132 0 130 85 -99 98.6 0 0 0 
2 -99 0 0 -99 -99 16 98.2 0 0 0 
1 75 199 24.871 134 88 20 98.3 0 0 0 
1 71 227 31.657 130 90 16 -99 0 0 0 
2 60 150 29.292 158 92 16 98 0 0 0 
2 65 137 22.796 110 70 16 97.5 0 0 0 
2 64 171 29.349 124 80 16 97.9 0 0 0 
1 72 196 26.579 140 92 -99 -99 0 0 0 
2 67.5 174 26.847 122 82 -99 98.4 0 0 0 
2 66 238 38.41 136 72 -99 97.4 0 0 0 
1 74 197 25.291 122 84 20 98.2 0 0 0 
2 -99 129.2 0 132 80 -99 97.4 0 0 0 
1 69 261 38.539 143 96 16 97.4 0 0 0 
2 60.5 194 37.26 109 82 20 97.1 0 0 0 
2 63 190 33.653 148 65 12 98.2 0 0 0 
1 -99 255 0 120 80 -99 -99 0 0 0 
2 67 169 26.466 100 72 -99 98.9 0 0 0 
2 -99 162.5 0 98 60 -99 -99 0 0 0 
2 -99 0 0 122 72 -99 -99 0 0 0 
1 64.5 120 20.278 124 65 -99 -99 0 0 0 
2 -99 110 0 117 67 14 97.6 0 0 0 
2 67 131.4 20.578 114 72 -99 97 1 0 0 
2 61 166 31.362 166 83 16 -99 0 0 0 
1 71 276 38.49 134 86 16 98.4 0 0 0 
2 -99 0 0 110 74 -99 -99 0 0 0 
2 -99 0 0 118 59 18 -99 1 0 0 
2 64.2 248.7 42.419 188 98 19 -99 0 0 0 
1 69 171 25.25 116 70 -99 -99 0 0 0 
2 -99 202 0 158 90 -99 98.1 0 0 0 
2 67 133 20.828 104 62 20 97.9 1 0 0 
1 68 170 25.846 150 104 18 -99 0 0 0 
1 70 191 27.403 128 80 20 -99 9966 0 0 
2 -99 131 0 104 66 -99 -99 0 0 0 
1 75 185 23.121 108 80 -99 96 0 0 0 
1 75 200 24.996 134 94 20 98.4 0 0 0 
2 61 42 7.935 128 82 -99 97.9 1 0 0 
2 63 124 21.963 122 60 12 -99 0 0 0 
1 73 234 30.869 130 90 20 97.6 0 0 0 
2 66 150 24.208 156 80 18 98.2 0 0 0 
1 71 181 25.242 160 100 20 97.6 0 0 0 
2 -99 155 0 119 77 -99 100.2 0 0 0 
2 69 130.6 19.284 128 82 -99 96.7 0 0 0 
2 66 141.5 22.836 100 50 -99 97.9 0 0 0 
2 62.8 151 26.916 132 60 -99 96.7 0 0 0 
1 -99 0 0 -99 -99 -99 98.6 0 0 0 
2 66 120 19.366 118 70 -99 -99 0 0 0 
2 -99 152.2 0 116 77 -99 -99 0 0 0 
1 68 182.4 27.731 134 80 16 97.7 0 0 0 
2 61 107 20.215 102 74 18 96 0 0 0 
2 63.5 247 43.063 118 62 -99 -99 0 0 0 
2 -99 126 0 140 80 -99 -99 0 0 0 
2 -99 183 0 120 78 -99 98.8 0 0 0 
1 64 232 39.818 108 66 18 98.2 1 0 0 
2 67 146 22.864 110 70 20 97.6 0 0 0 
2 -99 0 0 130 80 18 97.6 33 0 0 
2 -99 162.8 0 114 62 16 97.6 0 0 0 
2 64 211 36.214 165 90 16 -99 0 0 0 
1 -99 0 0 118 78 10 -99 0 0 0 
1 -99 201 0 110 76 -99 -99 0 0 0 
2 67 196 30.695 130 86 16 98.5 0 0 0 
2 61 180 34.007 138 68 20 97.6 0 0 0 
1 -99 251.6 0 152 70 -99 99.4 0 0 0 
1 71 214 29.844 125 95 -99 97.5 0 0 0 
2 62 166.5 30.45 -99 -99 -99 -99 0 0 0 
1 73 278 36.674 120 80 -99 98.4 0 0 0 
2 -99 170 0 118 75 -99 -99 0 0 0 
2 63 189.4 33.547 126 84 -99 97.7 1 0 0 
2 65 156.6 26.057 128 76 -99 -99 0 0 0 
2 -99 0 0 131 89 -99 98.9 0 0 0 
1 64 147 25.23 -99 -99 -99 -99 0 0 0 
1 70 207 29.698 114 72 -99 98.3 0 0 0 
1 71 248.5 34.655 130 94 16 97.8 0 0 0 
2 -99 224 0 -99 -99 -99 -99 0 0 0 
1 -99 0 0 143 67 -99 -99 0 0 0 
1 -99 119.8 0 121 84 16 98.4 0 0 0 
2 -99 168 0 119 75 14 97.9 0 0 0 
2 62 145 26.518 136 72 -99 -99 0 0 0 
2 61.5 186 34.571 112 76 14 98.7 0 0 0 
2 65 227 37.771 174 104 24 97.8 0 0 0 
2 61.75 170 31.342 108 70 -99 -99 0 0 0 
2 -99 0 0 160 110 -99 -99 1 0 0 
2 63 152 26.923 122 82 -99 -99 0 0 0 
1 67 208 32.574 120 72 16 -99 0 0 0 
2 68 252 38.312 130 80 17 97.1 0 0 0 
2 58.75 126 25.663 100 60 16 97 0 0 0 
2 68 217 32.991 116 60 14 97.6 0 0 0 
2 62 269 49.195 110 70 14 98.3 0 0 0 
1 65 174 28.952 136 76 14 -99 0 0 0 
2 -99 0 0 130 72 -99 -99 0 0 0 
2 65 160 26.622 144 84 16 96.5 1 0 0 
2 -99 233 0 122 70 -99 98.9 0 0 0 
2 63 154 27.277 160 50 20 98.9 0 0 0 
2 -99 172 0 118 71 16 98.1 0 0 0 
2 61 210 39.675 118 72 14 -99 1 0 0 
2 59.5 154 30.58 124 60 -99 97.8 0 0 0 
1 67 198 31.008 132 82 24 -99 0 0 0 
2 64 246 42.221 118 82 -99 98.2 0 0 0 
2 67 199 31.164 115 88 20 -99 1 0 0 
1 69 175 25.84 138 99 20 97.7 0 0 0 
2 -99 148 0 110 80 16 -99 0 0 0 
1 74 220 28.243 116 70 18 98.3 0 0 0 
2 -99 228 0 131 97 20 98.4 1 0 0 
1 -99 0 0 126 72 16 -99 0 0 0 
1 69 173 25.545 126 74 -99 -99 0 0 0 
1 68 178 27.062 98 74 18 -99 0 0 0 
2 66 134 21.626 108 72 -99 98.4 0 0 0 
1 68 180 27.366 148 92 18 97.4 0 0 0 
2 63 140 24.797 -99 -99 -99 -99 0 0 0 
2 60.5 184 35.34 140 60 18 98.2 0 0 0 
1 73 211.6 27.914 118 84 -99 98.1 0 0 0 
1 70 181 25.968 126 84 12 98.8 0 0 0 
2 61 206 38.919 120 72 16 -99 1 0 0 
2 68 195 29.646 90 60 15 98 0 0 0 
2 -99 199 0 142 78 -99 98.6 0 0 0 
1 66 204 32.923 150 102 16 97.7 0 0 0 
2 -99 205.4 0 126 79 -99 -99 0 0 0 
2 65.5 157.8 25.857 120 80 20 98.1 0 0 0 
2 62 120 21.946 124 72 12 -99 0 0 0 
2 66 136 21.949 98 68 20 98.3 1 0 0 
1 69.5 226 32.892 110 70 16 97.9 0 0 0 
1 -99 318 0 122 78 12 -99 0 0 0 
2 60 185 36.126 162 84 -99 98.7 0 0 0 
2 63.7 147.2 25.503 107 71 -99 -99 1 0 0 
2 -99 0 0 110 78 -99 97 0 0 0 
2 67 198 31.008 132 90 12 95.1 0 0 0 
2 60.5 107 20.551 100 60 16 98.6 0 0 0 
1 65 165 27.454 118 80 18 -99 0 0 0 
1 -99 0 0 140 72 -99 -99 0 0 0 
2 -99 0 0 114 80 -99 -99 0 0 0 
2 -99 0 0 225 95 20 97.6 1 0 0 
1 -99 124 0 130 90 -99 97.8 0 0 0 
1 -99 144 0 102 60 16 -99 0 0 0 
2 64 111 19.051 102 68 20 98.7 0 0 0 
2 64 119 20.424 -99 -99 -99 -99 0 0 0 
1 -99 145.2 0 130 76 -99 -99 0 0 0 
1 64.5 142 23.995 118 66 12 -99 0 0 0 
2 -99 163 0 120 78 -99 -99 0 0 0 
1 67 144 22.551 164 86 20 98.3 0 0 0 
2 -99 0 0 118 64 -99 -99 0 0 0 
2 62 192 35.113 122 80 16 96.2 0 0 0 
1 -99 210.8 0 128 74 -99 98.8 0 0 0 
2 62.5 116 20.876 105 66 18 98.3 0 0 0 
2 70 170 24.39 112 80 -99 -99 1 0 0 
2 -99 204 0 140 80 18 -99 0 0 0 
2 67 128 20.045 102 68 -99 -99 0 0 0 
2 -99 0 0 128 78 -99 -99 0 0 0 
2 65 182 30.283 124 82 16 97 0 0 0 
1 -99 186 0 94 74 -99 98 0 0 0 
1 69 190 28.055 120 70 18 98 1 0 0 
1 -99 0 0 110 78 14 -99 0 0 0 
2 66 121 19.528 128 95 -99 98.8 0 0 0 
2 59 98 19.791 137 66 18 99.3 0 0 0 
1 -99 0 0 124 80 20 97.6 0 0 0 
1 64 162 27.804 148 75 20 97.7 0 0 0 
1 68.5 159 23.822 140 80 20 96.3 0 0 0 
2 62 90 16.459 140 65 15 -99 1 0 0 
2 63 155.6 27.56 120 84 16 95.2 0 0 0 
2 65 137.4 22.862 90 62 -99 -99 0 0 0 
1 66 228 36.796 130 80 16 96.4 0 0 0 
1 70 176 25.251 150 92 -99 -99 0 0 0 
2 -99 184 0 116 68 18 -99 1 0 0 
2 59 197 39.785 130 72 20 97.6 0 0 0 
2 -99 166.6 0 114 79 -99 -99 0 0 0 
1 -99 0 0 132 98 -99 -99 0 0 0 
1 -99 173 0 130 60 20 98.2 0 0 0 
2 64 205 35.184 150 90 -99 -99 0 0 0 
2 -99 168 0 112 74 16 -99 1 0 0 
2 70 156 22.381 -99 -99 -99 -99 0 0 0 
2 61 132 24.938 97 59 -99 98.9 0 0 0 
2 61.5 119 22.118 98 60 14 98.2 0 0 0 
2 59.5 117 23.233 135 80 20 97 1 0 0 
2 -99 0 0 130 60 16 -99 0 0 0 
1 -99 233.6 0 125 75 -99 -99 0 0 0 
1 -99 0 0 160 100 16 -99 0 0 0 
1 64 217 37.244 110 60 12 98.2 0 0 0 
1 71.8 213 29.046 218 122 20 98.1 0 0 0 
2 -99 137 0 116 72 -99 -99 0 0 0 
2 63 245 43.395 140 80 -99 -99 0 0 0 
2 62 130 23.775 178 87 -99 -99 0 0 0 
2 62 185 33.833 132 78 16 98.3 0 0 0 
2 -99 139 0 150 70 -99 -99 0 0 0 
1 66 126 20.335 110 70 16 98 0 0 0 
2 -99 197 0 137 83 -99 96.6 0 0 0 
1 -99 0 0 112 67 -99 -99 0 0 0 
1 72 202 27.393 160 97 17 -99 0 0 0 
2 62 113.4 20.739 126 86 -99 97.9 0 0 0 
2 65 196 32.613 145 76 20 98 0 0 0 
2 63 165 29.225 150 90 16 97 0 0 0 
2 64 201 34.498 142 86 -99 -99 0 0 0 
1 -99 0 0 150 90 12 98.2 0 0 0 
2 62 187 34.199 116 7 -99 98.6 0 0 0 
1 68 225.8 34.329 128 82 -99 97.8 0 0 0 
1 72 124 16.816 102 70 -99 95.7 0 0 0 
2 -99 170 0 -99 -99 -99 -99 0 0 0 
1 72 188 25.495 128 84 -99 -99 0 0 0 
1 66 199 32.116 132 74 18 98.1 0 0 0 
1 74 182 23.365 102 52 16 -99 0 0 0 
2 63 129 22.849 140 78 16 97.6 0 0 0 
2 -99 162 0 130 70 -99 -99 0 0 0 
2 60.5 112 21.511 140 68 -99 -99 0 0 0 
1 -99 0 0 155 96 18 -99 0 0 0 
2 70 268 38.45 110 70 -99 -99 0 0 0 
2 68 267.4 40.654 117 71 16 97.4 0 0 0 
2 -99 210 0 144 80 14 -99 0 0 0 
1 -99 0 0 126 70 18 98 0 0 0 
1 69 215 31.746 126 84 -99 97 0 0 0 
2 61 175 33.062 100 60 14 -99 0 0 0 
2 -99 0 0 142 93 22 97.8 1 0 0 
1 -99 190 0 138 88 -99 97.4 0 0 0 
1 67 158 24.744 120 70 16 -99 0 0 0 
1 -99 266 0 144 90 -99 -99 0 0 0 
2 -99 0 0 -99 -99 -99 101 0 0 0 
2 62.008 113.979 20.839 160 78 14 -99 1 16 0 
2 -99 116 0 104 70 -99 -99 0 0 0 
1 64 187 32.095 150 80 20 97.7 1 0 0 
1 -99 0 0 140 78 12 -99 1 0 0 
1 -99 192 0 135 90 18 98.3 0 0 0 
2 62 178 32.553 90 50 16 98 0 0 0 
1 -99 147 0 91 69 -99 98.4 0 0 0 
1 74 279.8 35.92 134 114 16 98.4 0 0 0 
1 -99 188 0 -99 -99 -99 -99 0 0 0 
2 68 131 19.916 100 60 16 97 0 0 0 
2 64.5 137.2 23.184 112 76 -99 -99 0 0 0 
2 63.9 112.4 19.352 139 86 18 -99 0 0 0 
2 -99 138 0 102 70 -99 97.2 0 0 0 
2 64 208 35.699 138 86 14 -99 3 0 0 
2 -99 0 0 126 68 -99 -99 0 0 0 
1 73 205 27.044 142 70 14 98.6 0 0 0 
1 66 289 46.641 149 80 16 97.2 0 0 0 
2 60 112 21.871 124 90 12 99.1 0 0 0 
2 61.5 111 20.631 102 64 14 98.3 0 0 0 
2 68 258.6 39.316 124 80 -99 -99 0 0 0 
1 -99 0 0 128 90 18 97.1 0 0 0 
2 -99 131 0 95 59 -99 97.1 0 0 0 
2 66 231 37.28 130 80 -99 -99 0 0 0 
1 -99 0 0 112 64 18 -99 0 0 0 
2 63 0 0 112 78 16 98.6 0 0 0 
1 71 204.6 28.533 150 100 16 94.2 0 0 0 
1 71.5 252 34.653 110 78 12 -99 0 0 0 
2 62 159 29.078 120 80 20 97.9 0 0 0 
1 72 290 39.327 122 84 -99 -99 0 0 0 
2 64 192 32.953 150 82 14 98.4 0 0 0 
1 68 214 32.535 122 80 20 97.8 0 0 0 
1 66 188 30.341 150 90 20 96.8 0 0 0 
2 -99 205 0 132 78 -99 97.7 1024 0 0 
1 -99 0 0 144 76 -99 -99 0 0 0 
2 67 158.6 24.838 114 62 -99 -99 0 0 0 
2 68 232 35.272 124 70 16 98.4 0 0 0 
1 73 243 32.056 120 70 -99 -99 0 0 0 
2 -99 0 0 118 58 -99 -99 1 0 0 
2 -99 215.6 0 -99 -99 -99 -99 0 0 0 
2 -99 118.6 0 110 64 -99 -99 1 0 0 
2 63 138.6 24.549 100 78 -99 98.1 0 0 0 
1 61 124.2 23.465 98 70 -99 96.8 0 0 0 
1 70 192 27.546 152 84 -99 -99 0 0 0 
2 -99 0 0 110 60 -99 98.4 0 0 0 
2 63 156.2 27.667 116 72 -99 96.7 0 0 0 
2 62.5 191 34.374 107 66 17 98.3 0 0 0 
2 64 198 33.983 100 70 -99 -99 0 0 0 
1 -99 0 0 118 78 -99 -99 0 0 0 
2 64 208 35.699 145 83 -99 -99 0 0 0 
1 63 168 29.757 136 78 16 98.1 1 0 0 
2 61 109 20.593 100 50 16 96.8 0 0 0 
2 61.5 155 28.81 158 90 16 98.6 0 0 0 
1 -99 0 0 145 69 20 97 0 0 0 
1 70.7 155 21.8 149 72 16 97 0 0 0 
2 63 203 35.956 126 79 18 98.4 0 0 0 
2 64.5 228.5 38.612 150 80 -99 99.1 0 0 0 
2 -99 152 0 120 70 -99 -99 0 0 0 
2 61.5 135.5 25.185 122 80 -99 97 1 0 0 
1 72.5 212 28.354 112 80 -99 97.8 0 0 0 
2 62 160 29.261 147 88 16 97.7 0 0 0 
2 -99 236 0 120 80 16 -99 0 0 0 
2 -99 0 0 138 74 -99 -99 0 0 0 
1 69 194 28.646 126 84 16 98.1 0 0 0 
1 -99 186 0 -99 -99 -99 -99 0 0 0 
1 65 140.5 23.378 102 70 -99 98.6 0 0 0 
2 61 164 30.984 122 78 18 99.5 513 0 0 
2 -99 0 0 120 60 16 97.7 0 0 0 
1 68 228 34.663 118 84 -99 97.4 0 0 0 
2 62 143 26.152 120 80 16 97.4 1 0 0 
2 -99 229 0 120 86 -99 -99 0 0 0 
1 69 208 30.713 140 76 20 97.1 0 0 0 
2 64 225 38.617 140 90 18 98.1 0 0 0 
2 59.5 168 33.36 128 76 17 -99 0 0 0 
1 71 180 25.102 138 72 -99 -99 0 0 0 
1 66 158 25.499 112 74 -99 -99 0 0 0 
1 67 163 25.527 98 62 -99 97.3 0 0 0 
2 69 219.2 32.367 128 72 -99 97.2 0 0 0 
1 64 120 20.596 118 80 -99 -99 0 0 0 
2 -99 149 0 102 70 -99 -99 0 0 0 
1 69 174 25.693 108 65 -99 98 0 0 0 
1 69.016 201.062 29.675 140 88 16 99.5 0 0 0 
1 -99 0 0 122 69 16 99.1 0 0 0 
1 68 257 39.072 122 62 16 97.9 0 0 0 
2 64 150 25.745 120 80 20 97 0 0 0 
1 67 177 27.719 130 70 12 -99 1 0 0 
2 64 194 33.296 130 77 12 97.8 0 0 0 
2 64 154 26.431 126 78 -99 -99 0 0 0 
1 65 195 32.446 119 69 -99 -99 0 0 0 
1 -99 0 0 138 87 20 97.8 0 0 0 
2 64 183 31.408 102 78 17 98.1 0 0 0 
1 67.5 157 24.224 108 70 12 -99 0 0 0 
2 -99 143 0 132 80 -99 -99 1 0 0 
2 68.5 155 23.222 122 74 -99 -99 1 0 0 
1 67 143 22.395 128 80 16 97.4 0 0 0 
1 67 182 28.502 132 80 -99 -99 0 0 0 
1 66 178 28.727 120 84 16 -99 0 0 0 
2 64 154.5 26.517 150 60 16 98.7 0 0 0 
2 -99 149.4 0 134 70 -99 -99 0 0 0 
2 -99 0 0 -99 -99 18 -99 0 0 0 
1 -99 186.4 0 93 64 -99 -99 0 0 0 
2 -99 0 0 123 83 16 98.8 0 0 0 
1 70 155 22.238 110 70 16 98 1 0 0 
1 73 276 36.41 134 88 -99 -99 0 0 0 
2 65 148 24.626 121 86 16 97.3 0 0 0 
2 -99 151 0 148 72 18 -99 0 0 0 
1 78 273 31.545 126 82 17 95.4 0 0 0 
1 75 157.4 19.672 130 80 12 98.9 0 0 0 
1 70 169 24.246 118 80 16 -99 0 0 0 
2 61 211.8 40.015 118 70 -99 -99 0 0 0 
2 -99 171 0 116 78 12 -99 0 0 0 
2 61 106 20.026 130 72 20 98.5 0 0 0 
1 70 184 26.398 120 74 -99 -99 0 0 0 
1 74 219 28.115 146 78 18 98.8 0 0 0 
2 65 185 30.782 130 90 20 97.6 0 0 0 
1 65 190.6 31.714 116 40 20 95.9 0 0 0 
2 60 111 21.676 86 58 -99 -99 0 0 0 
2 66 195.6 31.567 128 76 -99 -99 0 0 0 
1 -99 140 0 122 70 -99 -99 0 0 0 
1 -99 212 0 130 80 -99 -99 0 0 0 
1 -99 238.4 0 142 86 14 98.4 0 0 0 
2 -99 128 0 110 80 -99 -99 0 0 0 
2 59.5 188 37.332 138 72 16 98.2 0 0 0 
1 71 197 27.473 100 60 17 97.9 0 0 0 
1 -99 0 0 142 80 16 -99 0 0 0 
2 65 154.6 25.724 150 80 16 98.3 0 0 0 
2 65 123 20.466 104 72 16 97.9 0 0 0 
1 -99 0 0 138 76 12 -99 0 0 0 
1 69.5 149 21.686 102 70 14 -99 0 0 0 
2 64.6 147.7 24.881 119 77 18 -99 0 0 0 
1 70.5 135.5 19.165 130 80 -99 97.4 0 0 0 
1 65 137 22.796 98 50 16 -99 0 0 0 
2 63 130 23.026 116 64 -99 97.3 0 0 0 
1 67 212 33.2 160 82 24 -99 1 0 0 
2 63 139 24.62 116 64 20 98.4 0 0 0 
2 66 209.6 33.827 111 70 18 -99 0 0 0 
2 60 93 18.161 130 84 16 97 0 0 0 
2 59.5 133 26.41 110 70 20 -99 0 0 0 
2 -99 159 0 120 65 14 -99 0 0 0 
2 62 185 33.833 112 78 18 97.8 0 0 0 
1 72 194.4 26.362 134 88 -99 97.1 0 0 0 
2 -99 0 0 120 70 -99 97.2 1 4 0 
2 64.5 0 0 100 58 16 98.6 0 0 0 
2 63 168 29.757 150 78 20 97.1 0 0 0 
2 -99 0 0 140 70 -99 -99 0 0 0 
2 67 160 25.057 128 78 12 -99 0 0 0 
1 -99 175 0 130 80 -99 -99 0 0 0 
1 72 161 21.833 142 72 -99 -99 0 0 0 
1 67 176 27.562 110 80 14 -99 0 0 0 
2 -99 146 0 125 71 -99 98.4 0 0 0 
2 63 131.6 23.309 128 78 18 98.7 0 0 0 
2 71 220 30.68 117 84 16 97 1 0 0 
1 68 197 29.95 96 56 18 -99 0 0 0 
1 70 196 28.12 138 84 -99 -99 0 0 0 
2 64 184 31.58 110 70 16 -99 0 0 0 
2 67 154.5 24.195 140 81 16 -99 0 0 0 
2 -99 109 0 130 80 14 -99 0 0 0 
1 -99 240 0 -99 -99 -99 -99 0 0 0 
2 64 235 40.333 124 70 16 -99 193 0 0 
1 71 164 22.871 120 70 18 98.2 0 0 0 
1 70 187 26.829 120 90 16 -99 0 0 0 
2 67 128 20.045 118 78 12 -99 0 0 0 
2 60.5 211 40.525 162 74 16 98.5 0 0 0 
1 71 194 27.055 138 62 24 -99 0 0 0 
1 -99 231 0 108 60 -99 97.1 0 0 0 
2 62 127 23.226 126 80 -99 99.6 0 0 0 
2 64 190 32.61 136 82 18 99.1 0 0 0 
1 -99 0 0 140 80 12 98.6 0 0 0 
2 66 160 25.822 140 70 18 98 0 0 0 
2 64 193.8 33.262 152 82 -99 -99 0 0 0 
1 75 207 25.87 124 80 18 98.3 0 0 0 
2 60 105 20.504 105 72 16 96.8 0 0 0 
1 65.2 165 27.286 168 88 16 97.4 0 0 0 
2 66 203.9 32.907 130 86 18 98.1 0 0 0 
1 65 160 26.622 130 74 21 98.9 0 0 0 
1 62.4 157.8 28.49 145 78 16 95.8 0 0 0 
2 65 160 26.622 114 68 -99 -99 0 0 0 
2 63 252.5 44.723 108 80 -99 98.3 1 0 0 
1 69 216 31.894 128 70 20 97.4 0 0 0 
2 59 106 21.407 85 50 16 -99 0 0 0 
1 -99 0 0 115 70 20 -99 0 0 0 
2 -99 160.8 0 119 88 -99 -99 0 0 0 
1 65 115.8 19.268 110 80 16 96.2 0 0 0 
2 67 178 27.876 140 80 20 96.8 0 0 0 
1 65 150 24.959 121 67 -99 -99 0 0 0 
2 59 131 26.456 160 70 16 97.6 0 0 0 
2 66 238 38.41 164 97 17 -99 0 0 0 
1 -99 143 0 146 76 16 97.7 1 0 0 
2 69.5 154 22.413 104 68 -99 98.1 0 0 0 
2 -99 123 0 126 88 -99 -99 0 0 0 
1 -99 154.2 0 124 81 -99 -99 0 0 0 
2 -99 192.8 0 146 92 -99 96.7 0 0 0 
1 71 182.8 25.493 120 68 14 96.4 0 0 0 
2 63 208 36.842 140 80 16 96.7 0 0 0 
2 -99 0 0 115 40 -99 97.2 0 0 0 
2 58 132 27.585 152 100 16 98.9 0 0 0 
2 -99 0 0 124 60 16 97.6 0 0 0 
2 -99 159 0 116 72 -99 99.2 0 0 0 
2 -99 228.2 0 140 100 12 98 0 0 0 
1 62 137 25.055 150 80 16 -99 0 0 0 
1 75.75 254 31.119 142 77 14 -99 0 0 0 
1 71 225 31.378 120 84 -99 -99 0 0 0 
2 65 189.8 31.581 110 72 20 -99 0 0 0 
2 67 196 30.695 123 71 12 97.6 0 0 0 
1 67.6 214.3 32.967 146 92 19 -99 0 0 0 
1 -99 0 0 118 70 -99 98 0 0 0 
2 63 150 26.568 110 60 12 -99 0 0 0 
2 62 187 34.199 130 70 -99 -99 0 0 0 
1 71 180 25.102 120 90 20 98.4 0 0 0 
2 -99 182 0 110 64 -99 97.9 0 0 0 
2 68 179 27.214 100 80 12 98.3 0 0 0 
1 -99 184.968 0 -99 -99 -99 -99 0 0 0 
2 64 128 21.969 100 80 20 97.6 0 0 0 
1 69 141 20.82 130 69 18 98.3 0 0 0 
2 66 168.5 27.194 128 80 -99 98.3 0 0 0 
1 -99 0 0 128 82 -99 97.1 0 0 0 
2 64 269.2 46.203 109 76 -99 -99 0 0 0 
2 64 236 40.505 134 78 18 -99 0 0 0 
2 -99 175 0 -99 -99 -99 -99 0 0 0 
1 -99 0 0 153 78 -99 98.1 0 0 0 
1 72 286 38.784 130 80 16 98.5 0 0 0 
1 -99 228 0 140 90 16 -99 0 0 0 
1 73 231 30.473 116 62 -99 97.5 0 0 0 
2 -99 113.5 0 100 60 -99 -99 0 0 0 
2 64 242 41.535 118 72 14 97.5 1 0 0 
1 73 269 35.486 132 88 20 97.4 0 0 0 
2 66 187 30.179 147 70 -99 -99 1 0 0 
1 74 240 30.811 132 78 18 97.7 0 0 0 
1 71 210 29.286 118 80 -99 -99 0 0 0 
2 -99 0 0 133 80 -99 -99 0 0 0 
2 66 171 27.597 98 68 20 97.8 0 0 0 
2 -99 0 0 134 80 16 98.3 0 0 0 
2 67 0 0 120 78 -99 98.1 0 0 0 
2 62 176.5 32.279 120 70 20 98 0 0 0 
2 -99 0 0 128 83 18 98.6 0 0 0 
1 70 175 25.107 155 90 -99 -99 1 0 0 
2 64 182 31.237 118 60 -99 -99 0 0 0 
1 69 201 29.679 120 70 20 97.4 1 0 0 
2 66 194 31.309 112 74 -99 98 0 0 0 
2 -99 123 0 135 86 18 79 0 0 0 
2 -99 126 0 128 76 -99 97.7 0 0 0 
2 -99 0 0 114 92 18 98.6 0 0 0 
1 72 248.5 33.699 110 80 -99 97.8 0 0 0 
2 -99 180 0 100 62 -99 -99 0 0 0 
1 71 155 21.616 130 94 16 98.7 0 0 0 
2 67 239 37.429 140 80 -99 -99 0 0 0 
1 -99 138 0 113 80 20 97 0 0 0 
1 72 135 18.307 144 74 18 -99 0 0 0 
2 62.9 214 38.025 116 88 -99 -99 1 0 0 
2 66 132 21.303 124 84 -99 99.4 0 0 0 
2 66 185 29.857 118 71 20 98 0 0 0 
1 69 160 23.625 140 90 18 97.9 0 0 0 
2 64 121 20.767 108 68 20 96.3 0 0 0 
2 -99 0 0 140 72 -99 -99 0 0 0 
2 70 156 22.381 135 73 16 -99 0 0 0 
1 71 235 32.772 112 60 -99 -99 0 0 0 
1 67.323 125 19.388 115 80 -99 -99 0 0 0 
2 60.7 209 39.877 137 85 16 98.2 0 0 0 
2 68 206.3 31.364 141 82 -99 -99 0 0 0 
2 64 121 20.767 120 70 16 98.7 0 0 0 
1 -99 267 0 116 70 14 -99 0 0 0 
1 -99 0 0 130 80 12 98.2 0 0 0 
2 60.5 129 24.776 120 80 16 -99 0 0 0 
2 64 176 30.207 104 70 -99 -99 0 0 0 
1 -99 258.6 0 -99 -99 -99 -99 0 0 0 
1 -99 205 0 -99 -99 -99 101.6 0 0 0 
2 65 130 21.631 120 80 -99 -99 0 0 0 
2 66 115 18.559 124 90 16 98.3 0 0 0 
2 62 125 22.86 130 80 14 -99 1 0 0 
2 66.5 169 26.866 128 80 -99 -99 0 0 0 
2 60 199 38.86 148 88 -99 96.3 0 0 0 
2 62.008 149.914 27.41 116 84 -99 -99 0 0 0 
1 -99 0 0 123 85 -99 97.9 0 0 0 
2 62.5 102 18.357 110 60 16 -99 0 0 0 
2 67 223.8 35.048 140 88 18 -99 0 0 0 
2 63 146 25.86 128 77 20 98.1 0 0 0 
1 71 232 32.354 112 64 12 97.1 0 0 0 
2 66.5 145.5 23.13 155 95 12 97.5 0 0 0 
2 65 188 31.281 111 74 16 97.3 0 0 0 
1 -99 180 0 -99 -99 -99 -99 0 0 0 
1 68 216 32.839 109 64 18 -99 0 0 0 
2 68 143 21.741 115 71 16 98.4 1 0 0 
1 73 203 26.78 140 80 20 97.7 0 0 0 
1 73 255 33.64 160 100 20 96.5 0 0 0 
1 -99 0 0 136 78 -99 -99 0 0 0 
2 63 124 21.963 111 62 19 -99 0 0 0 
1 -99 212 0 154 101 18 97.4 0 0 0 
2 67 266.8 41.782 150 92 -99 96.7 0 0 0 
2 71.5 221 30.39 110 73 -99 98.1 0 0 0 
2 -99 0 0 126 83 14 97.3 0 0 0 
1 65 197 32.779 122 74 16 99.7 0 0 0 
2 67 230.2 36.05 147 100 18 96.6 0 0 0 
1 71 226.5 31.587 150 92 -99 97.9 0 0 0 
1 64 220 37.759 133 91 18 98.6 0 0 0 
1 66 137 22.11 118 70 14 98.1 0 0 0 
2 64 231 39.647 143 103 20 97.1 0 0 0 
1 66 167 26.952 147 85 -99 -99 0 0 0 
1 -99 163 0 90 60 -99 96.2 0 0 0 
2 -99 0 0 180 70 20 -99 0 0 0 
2 65 217 36.107 130 82 -99 -99 0 0 0 
2 64 186.2 31.958 146 87 -99 97.8 0 0 0 
2 66 215.5 34.779 120 80 -99 -99 0 0 0 
1 72 189 25.63 142 89 18 97.9 0 0 0 
1 75 195 24.371 114 82 18 98.9 0 0 0 
1 -99 238 0 144 95 16 -99 0 0 0 
2 70 168 24.103 110 90 17 98.4 49153 0 0 
1 -99 0 0 116 68 12 98 0 0 0 
1 65 142 23.627 148 100 16 -99 0 0 0 
1 75 222 27.745 134 85 -99 97 0 0 0 
1 71 180 25.102 140 80 16 98.1 1 0 0 
2 -99 176 0 114 72 -99 -99 1 0 0 
2 68 153 23.261 122 72 24 -99 0 0 0 
2 62 184 33.65 100 60 18 -99 0 0 0 
2 -99 146 0 116 70 -99 -99 0 0 0 
2 -99 0 0 124 77 -99 98 0 0 0 
2 68 234.7 35.682 116 69 -99 -99 0 0 0 
2 63 196.5 34.805 122 90 -99 97.4 0 0 0 
1 -99 0 0 123 67 18 -99 0 0 0 
1 -99 240 0 118 74 18 -99 0 0 0 
1 -99 0 0 126 76 -99 97.6 0 0 0 
1 68 182 27.67 122 66 12 96.9 0 0 0 
2 61 107 20.215 108 60 -99 99.4 1 0 0 
2 68 250 38.008 138 80 20 98.2 0 0 0 
1 -99 132 0 130 70 18 97 0 0 0 
1 67 173 27.093 126 76 -99 -99 0 0 0 
2 -99 210 0 120 74 16 98.2 1 0 0 
2 66 191 30.825 145 79 -99 -99 0 0 0 
2 -99 162 0 146 76 -99 -99 0 0 0 
2 56 129 28.918 130 90 16 98.2 0 0 0 
2 -99 250 0 120 80 16 97 0 0 0 
1 -99 0 0 -99 -99 -99 98 0 0 0 
2 68 175 26.606 153 89 -99 96.8 0 0 0 
2 61 182 34.385 100 70 16 -99 0 0 0 
2 -99 114 0 115 68 22 -99 0 0 0 
2 -99 117 0 134 82 16 97.3 0 0 0 
2 -99 170 0 130 92 -99 -99 0 0 0 
1 66 153 24.692 144 96 -99 -99 0 0 0 
1 67 177 27.719 126 74 14 -99 0 0 0 
2 61 156 29.473 118 72 -99 -99 1 0 0 
2 63 222 39.321 132 88 -99 -99 0 0 0 
1 -99 254 0 144 92 -99 98.6 0 0 0 
1 68 192.2 29.221 139 82 16 96.2 0 0 0 
2 64 132 22.655 110 62 16 99.2 0 0 0 
1 68 182 27.67 124 64 18 96.8 0 0 0 
1 71 177 24.684 -99 -99 -99 -99 0 0 0 
2 -99 0 0 148 80 20 97.9 1 0 0 
2 65 162 26.955 -99 -99 -99 -99 0 0 0 
1 67 158 24.744 104 66 13 98 0 0 0 
1 -99 0 0 122 70 18 -99 0 0 0 
2 65 155.5 25.874 120 70 -99 98.4 0 0 0 
2 63 170 30.111 127 88 -99 -99 0 0 0 
1 -99 0 0 -99 -99 -99 98.6 0 0 0 
1 -99 195 0 138 80 -99 -99 0 0 0 
2 -99 0 0 97 67 -99 97.4 0 0 0 
1 -99 163 0 121 86 16 98.6 0 0 0 
1 65 170 28.286 116 68 -99 -99 1 0 0 
2 59 122 24.638 120 80 20 -99 0 0 0 
1 70 162 23.242 131 79 20 97.3 0 0 0 
2 67 154.5 24.195 102 70 -99 97.3 0 0 0 
1 67 180 28.189 110 70 20 -99 0 0 0 
2 -99 0 0 135 80 -99 98.5 0 0 0 
2 62 121 22.129 114 78 18 98.2 0 0 0 
1 68 229 34.816 120 70 20 98.2 0 0 0 
1 72 221 29.97 105 58 -99 97.4 0 0 0 
1 -99 265 0 172 100 24 -99 0 0 0 
2 64 254 43.594 130 90 16 98 0 0 0 
2 -99 0 0 -99 -99 14 98.1 0 0 0 
1 69 157 23.182 112 70 16 97.8 0 0 0 
2 59 104 21.003 100 66 16 -99 0 0 0 
1 -99 0 0 122 79 -99 97.6 0 0 0 
2 65 149 24.792 120 78 -99 98.5 1 0 0 
1 72 228 30.919 136 81 16 98.2 0 0 0 
2 -99 0 0 104 60 -99 -99 0 0 0 
1 73 220 29.022 120 82 16 97.4 0 0 0 
2 62 159 29.078 138 80 -99 -99 0 0 0 
1 65 176 29.285 116 70 14 98.3 0 0 0 
2 62 120 21.946 140 62 16 -99 17 0 0 
1 -99 0 0 110 70 20 -99 0 0 0 
2 66 145 23.401 124 80 20 97.6 0 0 0 
2 -99 0 0 115 85 18 -99 0 0 0 
1 -99 207.4 0 129 73 -99 -99 0 0 0 
2 64 160.5 27.547 150 74 -99 97.1 1 0 0 
2 -99 0 0 153 97 14 97.3 0 0 0 
1 -99 304 0 130 90 -99 -99 0 0 0 
2 63 195 34.539 116 84 -99 98.5 0 0 0 
1 -99 0 0 102 70 12 -99 0 0 0 
2 65 218 36.273 130 80 20 96.9 0 0 0 
2 61 110 20.782 130 74 10 -99 0 0 0 
1 -99 243 0 170 100 12 98.4 0 0 0 
2 63.3 160 28.072 114 70 18 97.5 0 0 0 
1 72 185 25.088 120 77 76 -99 0 0 0 
2 61 129 24.372 128 86 -99 98.3 0 0 0 
1 72 180 24.41 116 76 18 98.1 0 0 0 
2 64 156.2 26.809 123 80 18 98.9 0 0 0 
1 66 162 26.145 130 70 20 97.3 0 0 0 
2 64 162 27.804 117 80 14 98.1 1 0 0 
1 67 239 37.429 110 70 16 97.8 0 0 0 
1 71 180 25.102 170 100 16 99.2 0 0 0 
1 69 172 25.397 125 73 16 98.6 0 0 0 
2 -99 0 0 119 67 -99 97.1 0 0 0 
2 64 150 25.745 130 80 16 -99 0 0 0 
1 70 218 31.276 114 77 -99 96.7 0 0 0 
2 60 167 32.611 164 80 -99 -99 0 0 0 
1 -99 199 0 -99 -99 -99 -99 4 0 0 
1 71 214 29.844 100 60 16 98.4 0 0 0 
1 70 243 34.863 120 74 -99 -99 0 0 0 
2 62 158 28.895 100 80 16 -99 0 0 0 
1 66 195 31.47 150 80 20 97.9 0 0 0 
2 62.5 108 19.437 128 70 14 -99 0 0 0 
2 -99 0 0 162 74 28 -99 0 0 0 
2 61 0 0 136 76 12 -99 0 0 0 
2 58 203.2 42.464 117 80 18 -99 0 0 0 
2 61 163 30.795 161 81 16 -99 0 0 0 
1 66 0 0 110 82 -99 98.2 0 0 0 
2 -99 186 0 140 82 -99 -99 0 0 0 
2 67 240 37.585 130 70 -99 97.6 0 0 0 
1 73 231 30.473 131 84 -99 98 0 0 0 
1 -99 0 0 135 80 16 98 0 0 0 
1 67 131.2 20.547 126 78 12 101.2 0 0 0 
2 -99 0 0 -99 -99 16 98.6 0 0 0 
2 60.5 153 29.386 116 66 18 -99 0 0 0 
2 -99 0 0 132 82 -99 97.44 0 0 0 
2 -99 0 0 124 80 -99 -99 0 0 0 
1 67 278 43.536 140 80 20 97.4 0 0 0 
1 -99 216 0 110 80 -99 -99 0 0 0 
1 -99 205 0 122 78 18 -99 0 0 0 
2 66 256.5 41.396 142 90 -99 97.6 1 0 0 
2 -99 136.5 0 112 70 -99 -99 0 0 0 
1 69 179 26.431 135 81 18 98 0 0 0 
2 65 115 19.135 100 80 16 96.5 0 0 0 
1 -99 175 0 -99 -99 -99 -99 0 0 0 
2 -99 190 0 122 78 16 96.7 0 0 0 
2 66 152 24.531 142 80 12 -99 0 0 0 
2 -99 156.6 0 -99 -99 -99 -99 0 0 0 
1 65 184.2 30.649 126 80 -99 97.2 0 0 0 
2 -99 203 0 164 98 16 99 0 0 0 
1 -99 0 0 130 78 -99 97.1 0 0 0 
2 -99 0 0 162 92 22 98.3 0 0 0 
1 75 260 32.494 110 71 20 -99 0 0 0 
1 -99 0 0 110 70 -99 97 0 0 0 
1 70 178 25.538 122 88 20 98 0 0 0 
2 58 122 25.495 130 90 16 98.2 0 0 0 
1 66 210 33.891 122 74 16 -99 0 0 0 
2 -99 123 0 120 78 16 -99 1 0 0 
1 68 178 27.062 126 70 -99 -99 0 0 0 
2 -99 0 0 136 84 16 -99 0 0 0 
2 -99 0 0 -99 -99 16 98.8 0 0 0 
1 65 150 24.959 136 86 14 -99 0 0 0 
1 71 235 32.772 130 82 -99 -99 0 0 0 
2 -99 159 0 100 56 -99 -99 0 0 0 
2 -99 253.5 0 132 80 12 98.2 0 0 0 
1 65.5 284 46.536 110 70 20 97.9 0 0 0 
1 73 265 34.959 146 84 -99 -99 0 0 0 
2 59.5 187 37.133 134 79 19 -99 0 0 0 
1 -99 0 0 111 70 -99 -99 0 0 0 
2 57 102 22.07 150 100 16 97 0 0 0 
2 -99 0 0 106 70 -99 98.3 0 0 0 
1 69 175 25.84 110 70 -99 98 0 0 0 
1 64 162 27.804 130 88 16 97.8 0 0 0 
1 70 180 25.824 102 64 -99 -99 0 0 0 
1 70 175 25.107 110 74 12 98.4 0 0 0 
2 61.5 218 40.519 120 70 -99 -99 0 0 0 
2 -99 0 0 136 74 -99 -99 1 0 0 
1 68 168 25.542 127 67 -99 98.8 0 0 1 
1 66 156 25.176 129 91 -99 -99 0 0 1 
2 -99 150.5 0 114 50 20 98.1 0 0 1 
2 65 204.5 34.027 120 80 22 96.7 0 0 1 
2 -99 0 0 102 71 14 -99 0 0 1 
2 65 183.4 30.516 118 72 16 98.3 0 0 1 
2 58 159 33.227 130 70 16 97.4 0 0 1 
1 68 168 25.542 127 67 -99 98.8 0 0 1 
1 -99 153 0 130 70 15 98.2 0 0 1 
1 70 255 36.585 150 90 20 97.5 0 0 1 
2 -99 0 0 126 70 20 -99 0 0 1 
2 66 189.4 30.567 130 84 17 97.6 0 0 1 
2 65 204.5 34.027 120 80 22 96.7 0 0 1 
2 63.5 169 29.464 110 64 15 98.4 0 0 1 
1 68 211 32.079 180 60 16 96.7 0 0 1 
1 69 175 25.84 132 87 -99 97.1 0 0 1 
2 62.5 196 35.274 141 98 16 97.8 0 0 1 
2 -99 0 0 145 90 -99 -99 0 0 1 
1 66.5 178 28.296 130 60 16 97.8 0 0 1 
2 -99 0 0 145 90 -99 -99 0 0 1 
2 69 167.6 24.747 110 80 16 97.8 0 0 1 
2 63.5 168 29.29 153 72 20 98.1 0 0 1 
1 70 215 30.846 142 80 23 97.4 0 0 1 
1 73 296 39.048 130 80 16 98.5 0 0 1 
2 -99 0 0 132 75 12 -99 0 0 1 
2 60.5 208.2 39.988 135 74 18 -99 0 0 1 
2 63 295.7 52.375 130 100 16 93.8 0 0 1 
1 73 296 39.048 130 80 16 98.5 0 0 1 
2 67 132 20.672 132 80 16 96 0 0 1 
2 61 125 23.616 177 86 18 99.2 0 0 1 
1 67 183 28.659 142 70 16 97.9 0 0 1 
2 67 167 26.153 126 72 20 98.2 0 0 1 
2 -99 0 0 128 86 14 -99 0 0 1 
2 65 204.5 34.027 120 80 22 96.7 0 0 1 
1 69 205 30.27 145 95 18 -99 0 0 1 
2 63.5 169 29.464 110 64 15 98.4 0 0 1 
1 -99 0 0 130 80 -99 -99 0 0 1 
2 64 116 19.909 102 60 15 98.4 0 0 1 
2 62 214.6 39.247 130 70 16 97.4 1 0 1 
2 67 187 29.285 140 88 20 97.6 0 0 1 
2 -99 207 0 132 82 -99 98.6 0 0 1 
2 49.5 137.5 39.45 90 60 12 97.4 0 0 1 
1 68 136 20.676 105 80 18 -99 0 0 1 
1 72 273 37.021 140 80 20 97 0 0 1 
2 -99 0 0 120 78 16 97.3 0 0 1 
1 67 183 28.659 142 70 16 97.9 0 0 1 
1 66 173 27.92 116 68 -99 97.6 1 0 1 
1 -99 164 0 128 73 20 97.5 0 0 1 
2 61 142 26.828 162 73 16 97.4 0 0 1 
2 66.5 166 26.389 122 77 18 99.1 0 0 1 
2 69 299 44.15 140 80 16 97 0 0 1 
2 56 128 28.694 110 70 16 97.8 0 0 1 
2 -99 144 0 120 70 12 97.9 0 0 1 
1 66.5 180 28.614 140 70 14 98.4 0 0 1 
2 61 125 23.616 198 90 18 98.6 0 0 1 
1 72.008 309.97 42.026 172 90 -99 96.98 0 0 1 
1 69 226.4 33.43 162 78 16 100.1 0 0 1 
1 73 158 20.843 128 82 16 97.9 0 0 1 
1 70 183 26.255 132 60 16 97.7 0 0 1 
2 67 132 20.672 132 80 16 96 0 0 1 
1 -99 0 0 112 68 16 97 0 0 1 
1 -99 168.4 0 142 94 14 98.6 0 0 1 
1 -99 181 0 150 80 16 97.7 0 0 1 
2 -99 189 0 132 88 -99 97.4 0 0 1 
1 -99 241 0 112 72 -99 -99 0 0 1 
2 64 236 40.505 120 85 16 -99 0 0 1 
2 60.5 137.6 26.428 120 70 22 78 0 0 1 
1 -99 0 0 168 68 -99 -99 0 0 1 
2 66 189.4 30.567 130 84 17 97.6 0 0 1 
1 67 226 35.393 130 84 -99 -99 0 0 1 
2 66.5 177.5 28.217 127 81 18 99 0 0 1 
2 -99 0 0 128 78 -99 97.9 1 0 1 
1 66.5 178 28.296 130 60 16 97.8 0 0 1 
2 61.8 216.5 39.851 162 82 18 -99 0 0 1 
2 67 175 27.406 124 72 20 97.4 0 0 1 
2 62 207 37.857 116 60 16 96.9 0 0 1 
1 73 322 42.478 160 80 17 98.9 0 0 1 
1 68 159 24.173 130 82 12 96.8 0 0 1 
2 61 223 42.131 140 58 -99 -99 0 0 1 
2 -99 0 0 127 90 14 -99 0 0 1 
1 70 203 29.124 122 77 18 98.3 0 0 1 
2 61 142 26.828 162 73 16 97.4 0 0 1 
1 -99 0 0 130 70 -99 -99 0 0 1 
2 64 113 19.394 110 60 14 98.2 0 0 1 
1 68 243 36.944 134 84 16 97.7 0 0 1 
2 -99 0 0 101 66 -99 -99 0 0 1 
2 68 231 35.12 120 76 -99 -99 0 0 1 
2 61.5 140 26.022 140 70 20 98 0 0 1 
1 71 140 19.524 162 97 20 94.7 0 0 1 
2 66 150.5 24.289 120 68 -99 -99 1 0 1 
2 63 248 43.926 180 84 16 99 0 0 1 
1 69 265 39.129 -99 -99 16 -99 0 0 1 
2 65 199.5 33.195 122 80 16 95 0 0 1 
2 61 125 23.616 198 90 18 98.6 0 0 1 
2 -99 147 0 97 68 16 98 0 0 1 
2 61 142 26.828 162 73 16 97.4 0 0 1 
2 63 244 43.218 140 98 16 97.5 0 0 1 
1 -99 247 0 92 64 20 97.8 0 0 1 
2 59 137 27.668 110 60 16 98.4 0 0 1 
2 59 289 58.365 180 100 -99 97.21 1 0 1 
1 -99 0 0 144 80 -99 98.6 0 0 1 
2 -99 0 0 138 80 -99 97.4 0 0 1 
2 64 248 42.564 -99 -99 -99 -99 0 0 1 
1 65 185 30.782 120 80 -99 -99 0 0 1 
2 56.5 166 36.557 128 77 16 98.4 0 0 1 
1 -99 0 0 106 60 -99 97.2 0 0 1 
2 65 96.1 15.99 104 84 -99 95.3 0 0 1 
2 62 208 38.04 110 80 16 98.8 0 0 1 
1 -99 172 0 136 80 -99 97.7 0 0 1 
1 73 305.8 40.341 110 70 16 -99 0 0 1 
2 56 121 27.125 106 62 16 98.2 0 0 1 
1 66 171 27.597 116 68 -99 96.3 1 0 1 
2 65 240 39.934 138 98 50 95.9 0 0 1 
2 61 125 23.616 163 83 18 -99 0 0 1 
1 68.898 210.321 31.148 117 76 18 98.06 0 0 1 
2 -99 213 0 126 75 -99 -99 0 0 1 
1 73 241 31.793 122 80 17 97.1 0 0 1 
2 61 216 40.808 132 74 12 -99 0 0 1 
1 78 0 0 180 80 16 98.6 0 0 1 
1 67 233 36.489 142 80 -99 -99 0 0 1 
1 69 226.4 33.43 162 78 16 100.1 0 0 1 
2 67 167 26.153 126 72 20 98.2 0 0 1 
2 63.5 169 29.464 110 64 15 98.4 0 0 1 
2 61 142 26.828 127 82 22 97.8 0 0 1 
2 69 225 33.223 133 88 16 97 0 0 1 
1 -99 0 0 148 78 16 98.2 0 0 1 
2 66 201.8 32.568 124 70 16 -99 0 0 1 
2 66 204 32.923 144 90 12 97.8 0 0 1 
1 66.5 180 28.614 140 70 14 98.4 0 0 1 
1 73 262 34.563 124 60 17 97.2 0 0 1 
2 60 140 27.339 130 80 -99 -99 0 0 1 
2 62 137 25.055 160 98 16 98.4 0 0 1 
2 61 234 44.209 135 75 18 97 0 0 1 
1 -99 194 0 185 94 -99 97.9 0 0 1 
2 66.5 166 26.389 122 77 18 99.1 0 0 1 
2 62 137 25.055 160 100 20 98.3 0 0 1 
1 -99 189 0 124 62 -99 -99 0 0 1 
1 73 304.8 40.209 130 70 16 -99 0 0 1 
1 -99 164 0 128 73 20 97.5 0 0 1 
1 67 196 30.695 120 92 16 98.2 0 0 1 
2 60.5 168 32.267 144 88 20 97.7 0 0 1 
2 61 223 42.131 142 74 -99 -99 0 0 1 
2 -99 0 0 114 62 18 98.8 0 0 1 
2 -99 158 0 112 58 16 98.5 0 0 1 
1 72 205 27.8 124 96 16 97.8 1 0 1 
1 69 212.4 31.363 160 60 18 96.1 0 0 1 
1 69 150 22.149 119 81 20 -99 0 0 1 
2 -99 0 0 120 72 12 -99 0 0 1 
1 -99 247 0 100 68 18 97.6 0 0 1 
2 65 0 0 122 72 18 99 0 0 1 
2 -99 0 0 145 105 -99 -99 1 0 1 
1 70 210 30.129 141 89 18 -99 0 0 1 
1 66 172.4 27.823 116 68 -99 96.7 1 0 1 
2 64 113 19.394 110 60 14 98.2 0 0 1 
2 -99 249 0 126 84 -99 98.4 1 0 1 
2 69 239 35.29 138 100 16 97.6 0 0 1 
2 61 125 23.616 163 83 18 -99 0 0 1 
2 60 187 36.517 130 80 18 98 0 0 1 
1 -99 247 0 92 64 20 97.8 0 0 1 
2 68 225 34.207 144 88 18 -99 0 0 1 
2 -99 0 0 140 88 20 -99 0 0 1 
2 63.5 171 29.813 133 67 16 98.3 0 0 1 
1 70 257 36.872 130 84 20 97 0 0 1 
2 64 116 19.909 100 75 14 98.1 0 0 1 
2 59.5 146 28.992 118 72 14 98.4 0 0 1 
1 -99 0 0 109 61 -99 98.5 0 0 1 
2 69 228 33.666 122 80 16 99.3 0 0 1 
2 67 167 26.153 126 72 20 98.2 0 0 1 
2 56 128 28.694 110 70 16 97.8 0 0 1 
1 66 168.8 27.242 148 78 -99 97.6 0 0 1 
2 64 160 27.461 120 72 15 97.9 0 0 1 
2 66 206.4 33.31 146 80 17 96.3 0 0 1 
1 -99 209 0 132 82 -99 97.6 0 0 1 
2 -99 146 0 110 70 20 98.1 0 0 1 
1 68 217.4 33.052 160 60 17 -99 0 0 1 
1 -99 0 0 -99 -99 16 98.8 0 0 1 
2 66 98.3 15.864 99 67 -99 96.2 0 0 1 
2 61 138 26.072 145 92 16 97 0 0 1 
1 68 150 22.805 135 81 -99 -99 0 0 1 
2 63 232 41.092 150 90 16 98.2 0 0 1 
2 -99 0 0 118 74 -99 -99 0 0 1 
1 69 196 28.941 118 74 18 97.2 0 0 1 
2 56 121 27.125 106 62 16 98.2 0 0 1 
1 73 232 30.605 118 70 -99 -99 0 0 1 
1 70 216.9 31.119 110 76 18 98.1 0 0 1 
2 65 0 0 132 88 16 99 0 0 1 
1 70 209 29.985 132 87 18 97.6 0 0 1 
2 -99 0 0 134 88 -99 -99 0 0 1 
2 63 294.2 52.11 128 78 18 98.5 0 0 1 
2 63.5 159 27.721 118 83 -99 97.3 0 0 1 
1 69 208 30.713 145 88 20 97.7 0 0 1 
1 66 169.8 27.403 132 78 -99 96.2 1 0 1 
1 -99 0 0 143 75 -99 -99 0 0 1 
1 66 173 27.92 116 68 -99 97.6 1 0 1 
1 71.5 241 33.141 120 70 -99 97.6 0 0 1 
2 66 98.3 15.864 99 67 -99 96.2 0 0 1 
2 66.5 176 27.979 121 82 18 100 0 0 1 
1 -99 153 0 130 70 15 98.2 0 0 1 
2 62 206 37.674 110 70 16 -99 0 0 1 
2 -99 0 0 136 90 20 -99 0 0 1 
2 -99 0 0 140 82 20 -99 0 0 1 
2 -99 149 0 112 77 -99 97.1 0 0 1 
2 -99 142 0 122 68 12 97.7 0 0 1 
2 -99 163 0 114 75 -99 97 1 0 1 
2 68.5 223 33.41 140 91 16 -99 0 0 1 
2 66 98.3 15.864 99 67 -99 96.2 0 0 1 
2 -99 0 0 -99 -99 16 98.8 0 0 1 
2 65 238 39.601 110 70 16 98.4 0 0 1 
1 67 175 27.406 118 80 18 93.3 0 0 1 
2 63 254 44.989 164 80 16 98.4 0 0 1 
1 70 264 37.876 140 92 20 97.1 0 0 1 
2 63 198 35.07 160 80 18 98.2 0 0 1 
2 67 174 27.249 138 90 20 98.4 0 0 1 
2 67 258.6 40.498 140 84 16 -99 0 0 1 
2 62 111 20.3 150 80 20 97.4 0 0 1 
2 63 198 35.07 160 80 18 98.2 0 0 1 
1 73 262 34.563 124 60 17 97.2 0 0 1 
1 69 205 30.27 145 95 18 -99 0 0 1 
2 -99 0 0 127 92 -99 98.1 0 0 1 
2 61 125 23.616 198 90 18 98.6 0 0 1 
2 59 287 57.961 140 90 24 97.9 0 0 1 
2 61 113 21.349 170 80 18 97.6 0 0 1 
2 61 223 42.131 140 58 -99 -99 0 0 1 
2 54 189 45.565 120 60 17 97.5 0 0 1 
1 67 196 30.695 120 92 16 98.2 0 0 1 
1 67 183 28.659 142 70 16 97.9 0 0 1 
2 -99 171 0 144 82 24 -99 0 0 1 
2 63.5 169 29.464 110 64 15 98.4 0 0 1 
1 73 158 20.843 128 82 16 97.9 0 0 1 
1 67 172.8 27.061 124 62 18 95.5 0 0 1 
2 69 299 44.15 140 56 16 97.4 0 0 1 
2 61 212 40.053 142 54 -99 -99 0 0 1 
1 72.5 234 31.296 139 64 14 98.3 0 0 1 
2 62 214.6 39.247 130 70 16 97.4 1 0 1 
1 -99 0 0 140 78 -99 -99 0 0 1 
2 62 214.6 39.247 130 70 16 97.4 1 0 1 
2 -99 0 0 127 92 -99 98.1 0 0 1 
1 63 190 33.653 120 70 16 -99 0 0 1 
1 75 224 27.995 122 80 -99 -99 0 0 1 
1 72 325 44.073 164 100 -99 98.2 0 0 1 
1 72.008 309.97 42.026 172 90 -99 96.98 0 0 1 
2 -99 0 0 130 75 14 -99 0 0 1 
1 68 211 32.079 180 60 16 96.7 0 0 1 
2 -99 147.5 0 130 80 20 98 0 0 1 
2 65 0 0 132 86 16 98 0 0 1 
1 64.5 187 31.599 144 90 -99 97 0 0 1 
2 -99 0 0 120 56 12 97.8 0 0 1 
1 -99 0 0 120 82 18 97.1 0 0 1 
2 60 193 37.689 114 76 -99 97.3 0 0 1 
1 68 217.2 33.022 130 40 16 -99 0 0 1 
2 62 202 36.942 120 80 16 97.2 0 0 1 
2 -99 142 0 120 70 16 98.2 0 0 1 
2 56.5 166 36.557 128 77 16 98.4 0 0 1 
2 -99 158 0 112 58 16 98.5 0 0 1 
1 69 175 25.84 132 87 -99 97.1 0 0 1 
1 69 175 25.84 144 76 -99 98 0 0 1 
1 -99 247 0 92 64 20 97.8 0 0 1 
1 -99 194 0 185 94 -99 97.9 0 0 1 
2 -99 0 0 128 80 18 98.6 0 0 1 
1 -99 0 0 157 96 -99 98.4 0 0 1 
1 66.5 172 27.343 170 80 16 98.2 0 0 1 
2 61 130 24.561 172 76 12 98.2 0 0 1 
1 70 214 30.702 145 88 18 97.8 0 0 1 
2 62 137 25.055 160 98 16 98.4 0 0 1 
2 60 151 29.487 118 70 16 98.4 0 0 1 
1 70 215 30.846 144 88 16 -99 0 0 1 
1 69 272.4 40.222 146 60 16 97 0 0 1 
2 -99 0 0 140 81 12 -99 0 0 1 
1 -99 118 0 107 68 20 97.7 0 0 1 
2 54 189 45.565 120 60 17 97.5 0 0 1 
2 61 118 22.293 152 84 18 99 0 0 1 
2 61 150.2 28.377 92 52 18 97.1 0 0 1 
1 72 325 44.073 164 100 -99 98.2 0 0 1 
2 69 299 44.15 140 80 16 97 0 0 1 
1 70 209 29.985 146 92 22 97.2 0 0 1 
2 67 163.2 25.558 130 70 16 -99 0 0 1 
1 73 233 30.737 -99 -99 -99 -99 0 0 1 
2 61 147 27.772 130 70 16 -99 0 0 1 
2 67 150 23.491 130 84 20 97 0 0 1 
2 60 161 31.44 138 80 16 -99 0 0 1 
2 56 124 27.797 112 58 16 98.2 0 0 1 
2 60 198 38.665 118 70 18 96.3 0 0 1 
1 73 304.8 40.209 130 70 16 -99 0 0 1 
1 70 264 37.876 140 92 20 97.1 0 0 1 
2 65 246 40.932 130 80 -99 -99 0 0 1 
2 -99 0 0 120 72 12 -99 0 0 1 
2 68 231 35.12 110 72 -99 97.3 0 0 1 
2 -99 190.2 0 112 76 14 98.1 0 0 1 
2 -99 0 0 140 82 16 97.3 0 0 1 
2 67 163.2 25.558 130 70 16 -99 0 0 1 
1 69 265.4 39.188 130 70 16 96.7 0 0 1 
2 67 170 26.623 128 80 16 97.6 1 0 1 
1 70 212 30.416 153 91 16 -99 0 0 1 
2 62 138 25.238 140 90 20 98.4 0 0 1 
2 69 230 33.961 120 89 18 -99 0 0 1 
2 61 140 26.45 168 86 16 -99 0 0 1 
2 69 239 35.29 138 100 16 97.6 0 0 1 
2 -99 207 0 132 82 -99 98.6 0 0 1 
2 60.5 208.2 39.988 135 74 18 -99 0 0 1 
2 -99 0 0 130 75 14 -99 0 0 1 
2 -99 0 0 127 92 -99 98.1 0 0 1 
2 63 17 3.011 80 70 -99 -99 4130 0 1 
2 65 183.4 30.516 118 72 16 98.3 0 0 1 
2 -99 0 0 149 77 -99 -99 0 0 1 
2 66.5 168 26.707 126 83 16 98.7 0 0 1 
2 -99 148 0 132 78 20 98.1 0 0 1 
2 -99 0 0 122 78 12 -99 0 0 1 
2 64 118 20.252 100 60 18 97.3 0 0 1 
1 70 200 28.694 145 96 18 -99 0 0 1 
2 69 243 35.881 130 70 16 98.3 0 0 1 
2 -99 147 0 97 68 16 98 0 0 1 
2 -99 0 0 128 80 18 98.6 0 0 1 
2 63 248 43.926 180 84 16 99 0 0 1 
1 73 283 37.333 122 74 20 96.7 0 0 1 
2 -99 0 0 118 50 12 97.6 0 0 1 
2 -99 189 0 132 88 -99 97.4 0 0 1 
1 71 248 34.585 146 91 -99 97.7 0 0 1 
2 59 145 29.283 120 78 16 97.9 0 0 1 
2 49.5 139.5 40.024 100 69 12 97.9 0 0 1 
2 61 223 42.131 142 74 -99 -99 0 0 1 
1 70 261 37.446 140 80 20 97 0 0 1 
2 67 163 25.527 132 70 20 96.9 0 0 1 
2 60 213.4 41.672 100 90 16 95.6 0 0 1 
2 69 228 33.666 122 80 16 99.3 0 0 1 
2 62 139 25.421 160 100 20 97.7 0 0 1 
2 64 248 42.564 -99 -99 -99 -99 0 0 1 
1 68 151 22.957 109 68 18 97.8 0 0 1 
2 63 294.2 52.11 128 78 18 98.5 0 0 1 
2 63.5 166 28.941 121 67 20 98.1 0 0 1 
1 70 210 30.129 141 89 18 -99 0 0 1 
1 -99 217 0 140 80 18 -99 0 0 1 
1 66 169.8 27.403 154 70 -99 97.6 0 0 1 
2 66 202.8 32.729 130 70 16 96.9 0 0 1 
1 72 325 44.073 164 100 -99 98.2 0 0 1 
2 -99 0 0 115 70 14 -99 0 0 1 
2 62 111 20.3 150 80 20 97.4 0 0 1 
2 60 201 39.251 118 70 16 96.2 0 0 1 
2 60 188 36.712 148 80 18 98.4 1 0 1 
1 -99 172 0 136 80 -99 97.7 0 0 1 
2 69 170.8 25.22 110 58 16 96.7 0 0 1 
1 66.5 177 28.137 118 60 16 98.2 0 0 1 
2 62 208 38.04 110 80 16 98.8 0 0 1 
2 62 202 36.942 120 80 16 97.2 0 0 1 
2 66 202.8 32.729 130 70 16 96.9 0 0 1 
1 70 255 36.585 152 98 20 97.4 0 0 1 
1 71 293.2 40.889 142 98 -99 96.3 0 0 1 
2 62 204 37.308 144 80 -99 -99 0 0 1 
2 65 259 43.095 132 82 18 -99 0 0 1 
1 71 293.2 40.889 142 98 -99 96.3 0 0 1 
2 60 148 28.901 128 60 18 97.5 0 0 1 
2 61 223 42.131 140 58 -99 -99 0 0 1 
2 -99 147 0 107 69 16 98.1 0 0 1 
2 59.5 146 28.992 98 50 12 97.7 0 0 1 
1 70 295.8 42.438 154 88 -99 96.7 0 0 1 
2 69 167.6 24.747 110 80 16 97.8 0 0 1 
1 64 235.4 40.402 124 74 14 97.6 0 0 1 
2 66.5 166 26.389 122 77 18 99.1 0 0 1 
2 -99 233 0 140 66 -99 98.2 0 0 1 
1 70 257 36.872 130 84 20 97 0 0 1 
1 -99 0 0 134 78 20 99.3 0 0 1 
2 63 295.7 52.375 120 80 16 94.1 0 0 1 
2 -99 199 0 -99 -99 14 97.7 0 0 1 
2 59 289 58.365 180 100 -99 97.21 1 0 1 
2 69 230 33.961 120 89 18 -99 0 0 1 
2 65 0 0 144 73 24 98.6 0 0 1 
2 -99 0 0 134 76 -99 -99 0 0 1 
2 64 113 19.394 110 60 14 98.2 0 0 1 
1 70 261 37.446 140 80 20 97 0 0 1 
2 -99 0 0 135 84 20 98.5 0 0 1 
2 -99 164 0 112 66 16 97.9 0 0 1 
2 -99 0 0 180 98 24 78 0 0 1 
1 64 239 41.02 166 80 20 97.2 0 0 1 
2 -99 199.4 0 122 78 20 98 0 0 1 
2 61 223 42.131 140 58 -99 -99 0 0 1 
1 68 221 33.599 166 84 16 98.6 0 0 1 
2 64 116 19.909 100 75 14 98.1 0 0 1 
2 66 98.3 15.864 99 67 -99 96.2 0 0 1 
1 68 210.2 31.957 152 74 16 98.1 0 0 1 
2 67 187 29.285 136 92 20 97.9 1 0 1 
2 -99 171 0 144 82 24 -99 0 0 1 
1 71 287 40.024 142 78 -99 96.9 1 0 1 
1 75 229.5 28.682 134 70 18 97 0 0 1 
2 67 158.8 24.869 150 80 16 93.8 0 0 1 
1 64 235.4 40.402 124 74 14 97.6 0 0 1 
1 -99 0 0 140 78 -99 -99 0 0 1 
2 -99 0 0 135 76 -99 -99 0 0 1 
2 65 0 0 133 86 20 -99 0 0 1 
2 62 137 25.055 160 100 20 98.3 0 0 1 
2 61.5 138 25.65 124 76 22 97 0 0 1 
2 63.5 166 28.941 121 67 20 98.1 0 0 1 
1 73 284 37.465 124 80 16 98.6 0 0 1 
2 -99 0 0 122 58 16 97.8 0 0 1 
2 61 137 25.883 168 92 16 97.1 0 0 1 
1 73 320 42.214 130 70 18 97.2 0 0 1 
2 68 234 35.576 103 64 -99 97.9 0 0 1 
1 73 321.4 42.399 180 100 16 98.2 0 0 1 
2 67 176 27.562 140 90 20 96.8 1 0 1 
2 65 203 33.777 118 80 14 98.8 0 0 1 
1 70 200 28.694 145 96 18 -99 0 0 1 
1 70 210 30.129 132 89 18 96.8 0 0 1 
1 70 214 30.702 130 80 20 99.2 0 0 1 
2 -99 149 0 112 77 -99 97.1 0 0 1 
1 70 212 30.416 153 91 16 -99 0 0 1 
1 70 214 30.702 145 88 18 97.8 0 0 1 
1 68 159 24.173 130 82 12 96.8 0 0 1 
2 -99 142 0 122 68 12 97.7 0 0 1 
1 58.75 172 35.032 114 76 -99 96.4 1 0 1 
1 74.5 244 30.905 128 84 16 98.6 0 0 1 
1 -99 0 0 150 80 16 -99 0 0 1 
1 -99 247 0 92 64 20 97.8 0 0 1 
2 60 140 27.339 130 80 -99 -99 0 0 1 
1 73 319 42.082 136 82 16 94.9 0 0 1 
1 -99 246.8 0 102 68 18 98.5 0 0 1 
2 -99 0 0 130 75 14 -99 0 0 1 
2 -99 0 0 107 70 16 -99 0 0 1 
2 -99 0 0 101 66 -99 -99 0 0 1 
1 70 212 30.416 153 91 16 -99 0 0 1 
2 61 135 25.505 181 86 16 97.6 0 0 1 
2 69 299 44.15 140 80 16 97 0 0 1 
2 67 170 26.623 128 80 16 97.6 1 0 1 
2 -99 0 0 125 77 14 -99 0 0 1 
1 -99 0 0 -99 -99 16 98.2 0 0 1 
1 68 146 22.197 114 90 18 -99 0 0 1 
1 -99 245 0 130 80 18 98 0 0 1 
1 69 287 42.378 142 70 17 97.1 0 0 1 
1 70 295.8 42.438 154 88 -99 96.7 0 0 1 
2 65 0 0 122 72 18 99 0 0 1 
1 72.5 251.8 33.677 82 58 16 97.8 0 0 1 
1 67 233 36.489 142 80 -99 -99 0 0 1 
1 73 305.8 40.341 110 70 16 -99 0 0 1 
2 -99 199.4 0 122 78 20 98 0 0 1 
2 64 209 35.871 126 83 16 97.8 0 0 1 
1 66 173.8 28.049 96 58 -99 97.3 0 0 1 
2 -99 0 0 107 70 16 -99 0 0 1 
2 -99 248 0 132 80 -99 97.1 0 0 1 
2 65 0 0 132 88 16 99 0 0 1 
1 64 178 30.55 140 80 16 98.2 0 0 1 
1 70 216.9 31.119 110 76 18 98.1 0 0 1 
2 59 289 58.365 180 100 -99 97.21 1 0 1 
2 64 216.8 37.21 124 72 16 97.9 1 0 1 
1 70 209 29.985 132 87 18 97.6 0 0 1 
1 -99 0 0 128 76 -99 -99 0 0 1 
2 69 164.4 24.275 110 72 18 -99 0 0 1 
1 70 209 29.985 132 87 18 97.6 0 0 1 
1 70 222 31.85 120 82 18 97.6 0 0 1 
1 70 192 27.546 122 70 -99 -99 0 0 1 
1 70 261 37.446 140 80 20 97 0 0 1 
1 63 179 31.705 120 62 -99 -99 0 0 1 
2 65 265 44.093 128 84 18 97.3 0 0 1 
1 67 234.2 36.677 136 78 -99 -99 0 0 1 
1 -99 181 0 150 80 16 97.7 0 0 1 
1 72 299 40.547 136 84 -99 96.4 0 0 1 
2 -99 0 0 138 80 -99 97.4 0 0 1 
1 70 192 27.546 122 70 -99 -99 0 0 1 
1 74 219 28.115 118 70 -99 97.8 0 0 1 
1 68 142 21.589 105 71 18 98.2 0 0 1 
1 -99 0 0 112 68 16 97 0 0 1 
2 64 241.6 41.466 162 92 18 98.2 0 0 1 
1 69.5 174 25.324 148 75 -99 96.1 0 0 1 
2 59 141.5 28.576 130 60 16 -99 0 0 1 
2 -99 163 0 114 75 -99 97 1 0 1 
2 61 125 23.616 198 90 18 98.6 0 0 1 
2 54 205 49.422 110 70 15 97.4 0 0 1 
2 66.5 176 27.979 121 82 18 100 0 0 1 
2 -99 257 0 142 86 20 -99 0 0 1 
1 -99 246.8 0 102 68 18 98.5 0 0 1 
2 61 137 25.883 164 79 16 -99 0 0 1 
1 70 203 29.124 122 77 18 98.3 0 0 1 
2 61.5 210 39.032 126 66 12 -99 0 0 1 
1 66 150 24.208 130 60 16 98.3 0 0 1 
2 68 225 34.207 144 88 18 -99 0 0 1 
2 65 246 40.932 130 80 -99 -99 0 0 1 
1 72 206 27.936 140 80 -99 97.2 1 0 1 
1 70 295.8 42.438 154 88 -99 96.7 0 0 1 
1 73 323.2 42.636 130 82 20 96.7 0 0 1 
1 66 171.6 27.694 160 78 -99 97.4 0 0 1 
1 70 255 36.585 152 98 20 97.4 0 0 1 
2 63 0 0 128 88 20 96.7 0 0 1 
2 -99 0 0 180 98 24 78 0 0 1 
2 -99 257 0 142 86 20 -99 0 0 1 
1 72 172 23.325 162 100 16 94.7 0 0 1 
2 62 165 30.176 145 80 12 -99 0 0 1 
2 -99 172 0 115 66 -99 98.8 0 0 1 
2 -99 163 0 114 75 -99 97 1 0 1 
1 68 151 22.957 109 68 18 97.8 0 0 1 
1 -99 0 0 110 64 18 97.4 0 0 1 
2 54 205 49.422 120 79 15 97.9 0 0 1 
1 73 323.2 42.636 130 82 20 96.7 0 0 1 
2 66 216 34.86 152 88 -99 96.4 0 0 1 
1 73 319 42.082 136 82 16 94.9 0 0 1 
1 67 188 29.442 130 68 16 98.2 0 0 1 
1 73 195 25.724 130 80 -99 -99 0 0 1 
2 60 204.6 39.954 112 70 16 97.2 0 0 1 
1 73 321.4 42.399 180 100 16 98.2 0 0 1 
2 66 204 32.923 144 90 12 97.8 0 0 1 
1 -99 245 0 130 80 18 98 0 0 1 
2 54 205 49.422 120 79 15 97.9 0 0 1 
2 -99 0 0 110 68 16 -99 0 0 1 
2 -99 177.4 0 122 83 18 97.7 0 0 1 
1 72 257 34.852 130 72 20 96.7 0 0 1 
1 72 257 34.852 130 72 20 96.7 0 0 1 
1 -99 0 0 140 78 -99 -99 0 0 1 
2 68.5 223 33.41 140 91 16 -99 0 0 1 
2 -99 172 0 115 66 -99 98.8 0 0 1 
2 -99 147 0 97 68 16 98 0 0 1 
1 -99 0 0 150 80 -99 -99 0 0 1 
1 70 215 30.846 144 88 16 -99 0 0 1 
2 61 139 26.261 168 75 16 97.2 0 0 1 
1 -99 245 0 130 80 18 98 0 0 1 
2 -99 212 0 130 80 -99 -99 0 0 1 
2 59 141.5 28.576 130 60 16 -99 0 0 1 
2 -99 207 0 132 82 -99 98.6 0 0 1 
1 70 215 30.846 142 80 23 97.4 0 0 1 
2 59 145 29.283 120 78 16 97.9 0 0 1 
2 63 295.6 52.357 122 82 17 98.1 0 0 1 
1 66 173.8 28.049 96 58 -99 97.3 0 0 1 
1 66.5 182 28.932 132 60 16 98.4 0 0 1 
2 62 133 24.323 182 110 18 96.9 0 0 1 
2 67 163 25.527 132 70 20 96.9 0 0 1 
2 -99 0 0 102 58 12 98.8 0 0 1 
1 70 238 34.146 128 68 12 -99 0 0 1 
2 61 138 26.072 145 92 16 97 0 0 1 
2 63.5 169 29.464 110 64 15 98.4 0 0 1 
2 -99 0 0 -99 -99 16 98.8 0 0 1 
1 -99 0 0 -99 -99 16 98.8 0 0 1 
2 -99 251 0 131 87 16 -99 0 0 1 
2 66 201.8 32.568 124 70 16 -99 0 0 1 
2 61 149.2 28.188 112 68 16 96.4 0 0 1 
2 -99 150.5 0 114 50 20 98.1 0 0 1 
2 60 161 31.44 138 80 16 -99 0 0 1 
1 67 185 28.972 130 76 16 98.1 0 0 1 
1 -99 0 0 168 68 -99 -99 0 0 1 
1 -99 181 0 158 76 12 -99 0 0 1 
