1 -99 0 0 117 68 18 -99 0 0 0 
2 65 154.6 25.724 150 80 16 98.3 0 0 0 
2 64 194 33.296 130 77 12 97.8 0 0 0 
1 -99 0 0 150 90 12 98.2 0 0 0 
1 74 220 28.243 116 70 18 98.3 0 0 0 
1 -99 0 0 110 78 14 -99 0 0 0 
2 63 252.5 44.723 108 80 -99 98.3 1 0 0 
1 61 124.2 23.465 98 70 -99 96.8 0 0 0 
2 -99 168 0 119 75 14 97.9 0 0 0 
2 63 148 26.214 142 68 -99 96.8 1 0 0 
2 -99 0 0 130 60 -99 -99 0 0 0 
1 71 215 29.983 125 85 21 98.2 0 0 0 
2 63 120 21.255 88 50 16 98.8 0 0 0 
1 65 165 27.454 118 80 18 -99 0 0 0 
1 68 197 29.95 122 70 16 96.5 0 0 0 
2 62 120 21.946 124 72 12 -99 0 0 0 
2 -99 205 0 132 78 -99 97.7 1024 0 0 
2 62 269 49.195 110 70 14 98.3 0 0 0 
1 69 194 28.646 126 84 16 98.1 0 0 0 
2 -99 172 0 118 71 16 98.1 0 0 0 
2 62 184 33.65 100 60 18 -99 0 0 0 
1 -99 173 0 130 60 20 98.2 0 0 0 
2 66 150 24.208 133 75 18 97.4 0 0 0 
1 62 185 33.833 125 85 -99 -99 0 0 0 
2 68 195 29.646 90 60 15 98 0 0 0 
2 -99 149.4 0 134 70 -99 -99 0 0 0 
2 -99 160.4 0 -99 -99 -99 -99 0 0 0 
2 61 182 34.385 100 70 16 -99 0 0 0 
1 68.75 197 29.301 124 81 -99 -99 0 0 0 
1 -99 186.4 0 93 64 -99 -99 0 0 0 
2 -99 171 0 116 78 12 -99 0 0 0 
2 -99 169.2 0 118 87 16 -99 0 0 0 
2 60 131 25.581 100 60 16 97 0 0 0 
2 68 206.3 31.364 141 82 -99 -99 0 0 0 
2 60 105 20.504 105 72 16 96.8 0 0 0 
1 74 258 33.122 114 96 -99 97.5 0 0 0 
2 -99 162.5 0 98 60 -99 -99 0 0 0 
2 67.5 174 26.847 122 82 -99 98.4 0 0 0 
2 63 167 29.579 134 72 12 -99 0 0 0 
2 66 209.6 33.827 111 70 18 -99 0 0 0 
2 -99 154 0 160 80 18 97.6 0 0 0 
1 71 155 21.616 130 94 16 98.7 0 0 0 
2 -99 106 0 130 70 -99 -99 0 0 0 
1 70 181 25.968 126 84 12 98.8 0 0 0 
2 -99 228 0 131 97 20 98.4 1 0 0 
1 67 163 25.527 98 62 -99 97.3 0 0 0 
1 -99 0 0 138 76 12 -99 0 0 0 
2 60 206 40.227 120 80 16 98.2 0 0 0 
1 66 296.8 47.9 144 94 -99 98.9 0 0 0 
2 -99 0 0 118 72 14 97.6 0 0 0 
2 66 171 27.597 98 68 20 97.8 0 0 0 
1 71 232 32.354 112 64 12 97.1 0 0 0 
1 -99 0 0 112 70 16 100.2 0 0 0 
1 -99 145.2 0 130 76 -99 -99 0 0 0 
2 -99 148 0 169 77 -99 -99 0 0 0 
1 65 158 26.29 130 70 -99 -99 0 0 0 
1 68 233 35.424 138 100 16 97.8 0 0 0 
1 68.5 159 23.822 140 80 20 96.3 0 0 0 
2 61 164 30.984 122 78 18 99.5 513 0 0 
1 64.5 120 20.278 124 65 -99 -99 0 0 0 
1 72 124 16.816 102 70 -99 95.7 0 0 0 
1 72 221 29.97 105 58 -99 97.4 0 0 0 
2 69 163 24.068 120 80 -99 76 0 0 0 
2 66 152 24.531 142 80 12 -99 0 0 0 
2 64 208 35.699 145 83 -99 -99 0 0 0 
2 -99 168 0 112 74 16 -99 1 0 0 
1 -99 258.6 0 -99 -99 -99 -99 0 0 0 
2 64 191 32.781 -99 -99 20 97.8 0 0 0 
2 -99 132 0 130 85 -99 98.6 0 0 0 
2 60 199 38.86 148 88 -99 96.3 0 0 0 
2 64 198 33.983 100 70 -99 -99 0 0 0 
2 61 180 34.007 138 68 20 97.6 0 0 0 
1 69 141 20.82 130 69 18 98.3 0 0 0 
1 65 115.8 19.268 110 80 16 96.2 0 0 0 
1 75 274 34.244 142 86 18 97.5 0 0 0 
2 -99 0 0 134 80 16 98.3 0 0 0 
2 -99 0 0 102 64 -99 -99 0 0 0 
2 61 0 0 132 62 12 -99 1 0 0 
2 66 191 30.825 110 70 -99 98.6 0 0 0 
1 -99 216 0 110 80 -99 -99 0 0 0 
1 73 203 26.78 140 80 20 97.7 0 0 0 
1 71 214 29.844 125 95 -99 97.5 0 0 0 
2 -99 133.6 0 122 68 16 98.5 0 0 0 
2 -99 0 0 138 78 -99 -99 0 0 0 
2 -99 0 0 118 59 18 -99 1 0 0 
2 -99 250 0 120 80 16 97 0 0 0 
2 -99 0 0 114 92 18 98.6 0 0 0 
2 68 111 16.876 109 60 18 97.8 0 0 0 
2 63 129 22.849 140 78 16 97.6 0 0 0 
2 -99 150 0 130 66 -99 -99 1 0 0 
1 71 218 30.402 143 84 16 98.1 0 0 0 
1 -99 0 0 110 70 -99 97 0 0 0 
2 64 175 30.035 125 85 20 98.4 1 0 0 
2 -99 0 0 159 103 -99 -99 0 0 0 
2 -99 0 0 118 70 16 98.2 0 0 0 
1 -99 181 0 130 70 14 -99 0 0 0 
2 64 208 35.699 138 86 14 -99 3 0 0 
2 58 151 31.556 142 90 20 -99 0 0 0 
2 60.5 129 24.776 120 80 16 -99 0 0 0 
2 -99 0 0 143 84 -99 -99 0 0 0 
2 -99 170 0 132 74 -99 98.4 0 0 0 
1 68 178 27.062 120 80 -99 98 0 0 0 
1 69.016 201.062 29.675 140 88 16 99.5 0 0 0 
1 72 286 38.784 130 80 16 98.5 0 0 0 
1 -99 0 0 122 69 16 99.1 0 0 0 
2 -99 0 0 162 74 28 -99 0 0 0 
2 64.2 248.7 42.419 188 98 19 -99 0 0 0 
1 -99 0 0 128 82 -99 97.1 0 0 0 
2 67 198 31.008 132 90 12 95.1 0 0 0 
1 64 187 32.095 150 80 20 97.7 1 0 0 
1 70 184 26.398 120 74 -99 -99 0 0 0 
2 61 107 20.215 102 74 18 96 0 0 0 
1 70 175 25.107 155 90 -99 -99 1 0 0 
2 65 160 26.622 114 68 -99 -99 0 0 0 
2 61 206 38.919 120 72 16 -99 1 0 0 
2 64 162 27.804 117 80 14 98.1 1 0 0 
1 67 143 22.395 128 80 16 97.4 0 0 0 
1 67.323 125 19.388 115 80 -99 -99 0 0 0 
2 63.2 136.7 24.06 109 73 -99 -99 0 0 0 
2 -99 0 0 97 67 -99 97.4 0 0 0 
2 -99 109 0 130 80 14 -99 0 0 0 
2 67 169 26.466 100 72 -99 98.9 0 0 0 
1 69 133 19.639 127 72 14 -99 0 0 0 
2 64 111 19.051 102 68 20 98.7 0 0 0 
1 -99 180 0 -99 -99 -99 -99 0 0 0 
2 -99 162 0 130 70 -99 -99 0 0 0 
2 -99 170 0 130 92 -99 -99 0 0 0 
2 64.6 119.5 20.131 121 77 18 -99 0 0 0 
1 68 225.8 34.329 128 82 -99 97.8 0 0 0 
1 -99 318 0 122 78 12 -99 0 0 0 
2 59.5 117 23.233 135 80 20 97 1 0 0 
1 -99 0 0 -99 -99 -99 98.6 0 0 0 
2 -99 141.8 0 149 95 -99 -99 0 0 0 
1 65 190.6 31.714 116 40 20 95.9 0 0 0 
2 67 223.8 35.048 140 88 18 -99 0 0 0 
1 73 278 36.674 120 80 -99 98.4 0 0 0 
1 72 290 39.327 122 84 -99 -99 0 0 0 
1 -99 0 0 -99 -99 -99 98 0 0 0 
1 -99 240 0 118 74 18 -99 0 0 0 
2 61 0 0 136 76 12 -99 0 0 0 
2 -99 253.5 0 132 80 12 98.2 0 0 0 
2 59 197 39.785 130 72 20 97.6 0 0 0 
2 60 176.8 34.525 110 70 16 97.7 0 0 0 
2 64 205 35.184 150 90 -99 -99 0 0 0 
1 68 180 27.366 148 92 18 97.4 0 0 0 
2 -99 0 0 124 60 16 97.6 0 0 0 
1 72 187 25.359 140 70 -99 -99 0 0 0 
2 -99 166.6 0 114 79 -99 -99 0 0 0 
2 62.5 139 25.016 148 70 14 -99 1 0 0 
1 68 202 30.711 129 85 -99 97.8 0 0 0 
1 71.5 252 34.653 110 78 12 -99 0 0 0 
2 -99 144 0 100 70 18 -99 0 0 0 
1 -99 0 0 102 60 12 98 0 0 0 
1 69 160 23.625 140 90 18 97.9 0 0 0 
1 65 174 28.952 136 76 14 -99 0 0 0 
2 64 141.5 24.286 122 70 -99 -99 0 0 0 
2 -99 183 0 120 78 -99 98.8 0 0 0 
1 75 185 23.121 108 80 -99 96 0 0 0 
1 70 164.2 23.558 120 78 20 -99 2 0 0 
2 64.6 147.7 24.881 119 77 18 -99 0 0 0 
2 66 164 26.467 120 80 17 -99 0 0 0 
1 -99 0 0 123 85 -99 97.9 0 0 0 
1 -99 0 0 115 68 -99 -99 0 0 0 
2 68 182.5 27.746 139 88 -99 -99 0 0 0 
2 67 220.4 34.516 128 70 -99 96.5 0 0 0 
2 -99 0 0 140 70 -99 -99 0 0 0 
1 -99 0 0 120 80 -99 98 0 0 0 
1 -99 0 0 123 67 18 -99 0 0 0 
1 70 240 34.433 120 60 15 97.7 0 0 0 
1 69 144 21.263 130 68 20 98 1 0 0 
2 -99 0 0 118 72 -99 -99 0 0 0 
2 60 203 39.641 132 78 16 98.4 0 0 0 
2 66 231 37.28 130 80 -99 -99 0 0 0 
1 -99 243 0 170 100 12 98.4 0 0 0 
2 -99 0 0 110 74 -99 -99 0 0 0 
1 71 226.5 31.587 150 92 -99 97.9 0 0 0 
1 65 197 32.779 122 74 16 99.7 0 0 0 
2 -99 192.8 0 146 92 -99 96.7 0 0 0 
2 66 134 21.626 108 72 -99 98.4 0 0 0 
1 -99 251.6 0 152 70 -99 99.4 0 0 0 
1 66 158 25.499 112 74 -99 -99 0 0 0 
2 -99 141.6 0 119 80 -99 97.6 0 0 0 
1 68 214 32.535 122 80 20 97.8 0 0 0 
1 68 182.4 27.731 134 80 16 97.7 0 0 0 
1 67.5 157 24.224 108 70 12 -99 0 0 0 
2 59.5 133 26.41 110 70 20 -99 0 0 0 
2 -99 156.6 0 -99 -99 -99 -99 0 0 0 
2 65 148 24.626 121 86 16 97.3 0 0 0 
2 62.5 108 19.437 128 70 14 -99 0 0 0 
1 -99 186 0 94 74 -99 98 0 0 0 
2 63 154 27.277 160 50 20 98.9 0 0 0 
2 64 150 25.745 130 80 16 -99 0 0 0 
2 -99 113.5 0 100 60 -99 -99 0 0 0 
2 64 150 25.745 120 80 20 97 0 0 0 
1 69 172 25.397 125 73 16 98.6 0 0 0 
2 67 158.6 24.838 114 62 -99 -99 0 0 0 
2 -99 0 0 142 93 22 97.8 1 0 0 
2 66 203.9 32.907 130 86 18 98.1 0 0 0 
1 72 135 18.307 144 74 18 -99 0 0 0 
1 -99 207.4 0 129 73 -99 -99 0 0 0 
1 66 204 32.923 150 102 16 97.7 0 0 0 
1 70 196 28.12 138 84 -99 -99 0 0 0 
1 75 260 32.494 110 71 20 -99 0 0 0 
1 70 192 27.546 152 84 -99 -99 0 0 0 
2 60.5 190.5 36.588 118 70 12 98 0 0 0 
2 60 220 42.961 100 60 18 -99 0 0 0 
2 -99 206 0 116 70 -99 -99 4130 0 0 
1 74 180.4 23.159 130 90 16 -99 0 0 0 
2 64 242 41.535 118 72 14 97.5 1 0 0 
2 61.75 170 31.342 108 70 -99 -99 0 0 0 
2 70 138.891 19.927 135 75 20 98 0 0 0 
2 -99 123 0 120 78 16 -99 1 0 0 
2 68 258.6 39.316 124 80 -99 -99 0 0 0 
2 66 170.3 27.484 114 70 -99 -99 0 0 0 
2 62 90 16.459 140 65 15 -99 1 0 0 
2 -99 155 0 119 77 -99 100.2 0 0 0 
2 63 124 21.963 122 60 12 -99 0 0 0 
2 61 160 30.228 110 80 16 96.3 0 0 0 
1 -99 0 0 132 98 -99 -99 0 0 0 
1 73 231 30.473 131 84 -99 98 0 0 0 
2 64 119 20.424 -99 -99 -99 -99 0 0 0 
1 -99 304 0 130 90 -99 -99 0 0 0 
2 70 156 22.381 135 73 16 -99 0 0 0 
1 -99 188 0 -99 -99 -99 -99 0 0 0 
2 67 154.5 24.195 102 70 -99 97.3 0 0 0 
2 -99 162.8 0 114 62 16 97.6 0 0 0 
2 -99 163 0 120 78 -99 -99 0 0 0 
2 62 137 25.055 130 60 18 97.7 0 0 0 
2 63 119 21.078 102 62 -99 -99 0 0 0 
2 62.5 116 20.876 105 66 18 98.3 0 0 0 
2 62 149 27.249 114 78 14 96.8 1 0 0 
1 65.3 202 33.303 130 80 18 -99 0 0 0 
1 -99 0 0 140 72 -99 -99 0 0 0 
2 -99 0 0 -99 -99 18 -99 0 0 0 
1 65 184 30.616 135 80 -99 -99 0 0 0 
1 -99 0 0 118 78 -99 -99 0 0 0 
1 -99 210.8 0 128 74 -99 98.8 0 0 0 
2 59 173.8 35.1 138 82 20 -99 0 0 0 
2 61 106 20.026 130 72 20 98.5 0 0 0 
2 66 155 25.015 146 74 16 98 0 0 0 
1 67 182 28.502 132 80 -99 -99 0 0 0 
2 -99 160.8 0 119 88 -99 -99 0 0 0 
1 72 161 21.833 142 72 -99 -99 0 0 0 
2 -99 0 0 -99 -99 14 98.1 0 0 0 
1 -99 170 0 120 65 -99 -99 0 0 0 
1 68 228 34.663 118 84 -99 97.4 0 0 0 
2 65.5 226 37.032 166 86 18 97.2 0 0 0 
2 68.11 296.522 44.935 120 70 18 98.06 0 0 0 
2 -99 0 0 126 80 -99 -99 0 0 0 
2 -99 0 0 133 80 -99 -99 0 0 0 
1 -99 0 0 142 80 -99 -99 0 0 0 
1 73 276 36.41 134 88 -99 -99 0 0 0 
2 64 235 40.333 124 70 16 -99 193 0 0 
2 65 217 36.107 130 82 -99 -99 0 0 0 
2 -99 228.2 0 140 100 12 98 0 0 0 
1 70 249 35.724 140 80 16 98.6 0 0 0 
2 64 250 42.908 140 80 16 97 0 0 0 
2 68 137 20.829 150 100 20 97.9 0 0 0 
2 64 280 48.057 132 82 -99 98.2 0 0 0 
1 -99 122 0 110 60 18 -99 0 0 0 
2 68 131 19.916 100 60 16 97 0 0 0 
2 -99 124 0 120 81 -99 98.5 0 0 0 
2 69 172 25.397 140 80 16 98.3 1 0 0 
2 63 131.6 23.309 128 78 18 98.7 0 0 0 
1 -99 0 0 144 71 18 -99 0 0 0 
1 -99 255.5 0 104 66 -99 97.7 0 0 0 
1 -99 205 0 -99 -99 -99 101.6 0 0 0 
2 61 163 30.795 161 81 16 -99 0 0 0 
1 65 184.2 30.649 126 80 -99 97.2 0 0 0 
1 -99 184.968 0 -99 -99 -99 -99 0 0 0 
2 60.7 209 39.877 137 85 16 98.2 0 0 0 
1 -99 267 0 116 70 14 -99 0 0 0 
2 -99 0 0 118 65 -99 98 0 0 0 
1 72 147 19.935 118 80 12 97.8 0 0 0 
2 -99 180 0 100 62 -99 -99 0 0 0 
2 68 143 21.741 115 71 16 98.4 1 0 0 
2 67 146 22.864 110 70 20 97.6 0 0 0 
2 -99 131 0 95 59 -99 97.1 0 0 0 
2 -99 123 0 135 86 18 79 0 0 0 
2 -99 146.2 0 134 82 17 96.3 0 0 0 
2 67 266.8 41.782 150 92 -99 96.7 0 0 0 
1 71 248.5 34.655 130 94 16 97.8 0 0 0 
2 68.5 183 27.417 116 68 -99 -99 0 0 0 
2 60 93 18.161 130 84 16 97 0 0 0 
2 67 178 27.876 140 80 20 96.8 0 0 0 
2 -99 162 0 104 65 12 -99 0 0 0 
1 67 180 28.189 110 70 20 -99 0 0 0 
1 72 194.4 26.362 134 88 -99 97.1 0 0 0 
1 -99 228 0 140 90 16 -99 0 0 0 
2 -99 192 0 110 72 -99 97.8 0 0 0 
2 -99 168 0 138 80 16 97.3 1 0 0 
2 61 180 34.007 122 90 20 98.4 0 0 0 
1 -99 0 0 142 80 16 -99 0 0 0 
1 67 208 32.574 120 72 16 -99 0 0 0 
2 59.5 168 33.36 128 76 17 -99 0 0 0 
2 -99 0 0 128 78 -99 -99 0 0 0 
2 65 159 26.456 98 60 16 -99 0 0 0 
1 67 175 27.406 166 109 18 97.7 0 0 0 
2 67 241 37.742 140 70 24 -99 0 0 0 
1 75 200 24.996 134 94 20 98.4 0 0 0 
1 71 227 31.657 130 90 16 -99 0 0 0 
2 64.5 228.5 38.612 150 80 -99 99.1 0 0 0 
2 69 219.2 32.367 128 72 -99 97.2 0 0 0 
1 -99 212 0 154 101 18 97.4 0 0 0 
2 -99 0 0 132 82 -99 98.9 1 0 0 
2 70 268 38.45 110 70 -99 -99 0 0 0 
1 -99 0 0 118 70 -99 98 0 0 0 
1 69 208 30.713 140 76 20 97.1 0 0 0 
1 -99 143 0 146 76 16 97.7 1 0 0 
1 72.5 212 28.354 112 80 -99 97.8 0 0 0 
1 68 175 26.606 115 69 16 97.5 0 0 0 
2 -99 0 0 118 64 -99 -99 0 0 0 
1 -99 254 0 144 92 -99 98.6 0 0 0 
2 64 201 34.498 142 86 -99 -99 0 0 0 
2 -99 0 0 106 70 -99 98.3 0 0 0 
2 59 98 19.791 137 66 18 99.3 0 0 0 
2 65 182 30.283 124 82 16 97 0 0 0 
2 -99 215.6 0 -99 -99 -99 -99 0 0 0 
2 61 122 23.049 110 70 16 98.6 0 0 0 
1 65 160 26.622 130 74 21 98.9 0 0 0 
2 -99 146 0 125 71 -99 98.4 0 0 0 
2 -99 0 0 144 64 -99 96.6 0 0 0 
2 -99 0 0 136 74 -99 -99 1 0 0 
2 -99 156 0 120 82 -99 97 0 0 0 
1 68 185 28.126 132 66 14 -99 0 0 0 
1 65.2 165 27.286 168 88 16 97.4 0 0 0 
1 70.5 135.5 19.165 130 80 -99 97.4 0 0 0 
2 64 254 43.594 130 90 16 98 0 0 0 
2 67 239 37.429 140 80 -99 -99 0 0 0 
2 64 176 30.207 104 70 -99 -99 0 0 0 
2 65 130 21.631 120 80 -99 -99 0 0 0 
2 63 130 23.026 116 64 -99 97.3 0 0 0 
1 74 170 21.824 118 84 12 97.8 0 0 0 
2 -99 0 0 -99 -99 -99 101 0 0 0 
1 69 174 25.693 108 65 -99 98 0 0 0 
2 64 184 31.58 110 70 16 -99 0 0 0 
1 62 137 25.055 150 80 16 -99 0 0 0 
1 -99 0 0 120 60 -99 98.2 0 0 0 
2 64.5 0 0 100 58 16 98.6 0 0 0 
2 63.3 160 28.072 114 70 18 97.5 0 0 0 
2 -99 0 0 110 70 12 -99 0 0 0 
2 -99 148 0 130 60 18 98 0 0 0 
2 61 42 7.935 128 82 -99 97.9 1 0 0 
2 61 174.8 33.025 100 60 18 -99 0 0 0 
2 64 186.2 31.958 146 87 -99 97.8 0 0 0 
2 63 196.5 34.805 122 90 -99 97.4 0 0 0 
2 59.5 187 37.133 134 79 19 -99 0 0 0 
2 64 154 26.431 126 78 -99 -99 0 0 0 
2 -99 197.5 0 133 87 20 97 0 0 0 
1 -99 245 0 138 84 16 98.2 0 0 0 
1 66 178 28.727 120 84 16 -99 0 0 0 
2 -99 0 0 162 92 22 98.3 0 0 0 
1 -99 192 0 135 90 18 98.3 0 0 0 
2 -99 210 0 144 80 14 -99 0 0 0 
1 -99 0 0 126 76 -99 97.6 0 0 0 
2 64 192 32.953 150 82 14 98.4 0 0 0 
2 67 128 20.045 118 78 12 -99 0 0 0 
2 -99 126 0 119 74 -99 -99 0 0 0 
1 71.8 213 29.046 218 122 20 98.1 0 0 0 
2 -99 117 0 134 82 16 97.3 0 0 0 
2 62.008 113.979 20.839 160 78 14 -99 1 16 0 
2 63.9 112.4 19.352 139 86 18 -99 0 0 0 
1 68 197 29.95 96 56 18 -99 0 0 0 
2 66 115 18.559 124 90 16 98.3 0 0 0 
2 66 194 31.309 112 74 -99 98 0 0 0 
2 64 269.2 46.203 109 76 -99 -99 0 0 0 
1 67 196 30.695 140 90 16 96.9 0 0 0 
2 63 247 43.749 132 76 20 97.6 0 0 0 
1 67 158 24.744 120 70 16 -99 0 0 0 
2 -99 159 0 116 72 -99 99.2 0 0 0 
2 64 182 31.237 118 60 -99 -99 0 0 0 
2 64 177 30.379 124 72 14 98.6 0 0 0 
2 -99 203 0 164 98 16 99 0 0 0 
2 -99 0 0 132 70 16 98 0 0 0 
1 66 162 26.145 130 70 20 97.3 0 0 0 
2 62 251 45.903 120 80 16 98.4 0 0 0 
2 -99 0 0 95 64 -99 97.4 0 0 0 
1 -99 0 0 130 74 12 98.6 0 0 0 
2 66 150 24.208 156 80 18 98.2 0 0 0 
2 67 160 25.057 128 78 12 -99 0 0 0 
2 -99 0 0 125 82 18 -99 0 0 0 
1 65 150 24.959 121 67 -99 -99 0 0 0 
1 -99 175 0 130 80 -99 -99 0 0 0 
2 64.8 130.7 21.882 124 61 19 -99 0 0 0 
2 62 108 19.751 113 73 -99 -99 0 0 0 
2 62 120 21.946 140 62 16 -99 17 0 0 
1 -99 163 0 121 86 16 98.6 0 0 0 
2 63 152 26.923 122 82 -99 -99 0 0 0 
2 65.5 156.5 25.644 165 100 14 97.3 0 0 0 
2 66 160 25.822 140 70 18 98 0 0 0 
2 62 187 34.199 130 70 -99 -99 0 0 0 
2 63 190 33.653 148 65 12 98.2 0 0 0 
2 66 149 24.047 130 84 16 97.8 0 0 0 
2 -99 186 0 148 103 -99 97.9 0 0 0 
2 60 112 21.871 124 90 12 99.1 0 0 0 
2 -99 190 0 147 98 -99 97.4 0 0 0 
2 -99 138 0 102 70 -99 97.2 0 0 0 
2 65 244 40.599 130 80 20 97.1 0 0 0 
1 -99 119.8 0 121 84 16 98.4 0 0 0 
1 74 279.8 35.92 134 114 16 98.4 0 0 0 
1 -99 186 0 -99 -99 -99 -99 0 0 0 
1 73 211.6 27.914 118 84 -99 98.1 0 0 0 
1 -99 0 0 124 74 16 -99 0 0 0 
2 -99 184 0 116 68 18 -99 1 0 0 
1 -99 163 0 90 60 -99 96.2 0 0 0 
2 -99 0 0 110 70 -99 -99 0 0 0 
2 60 111 21.676 86 58 -99 -99 0 0 0 
2 58.75 126 25.663 100 60 16 97 0 0 0 
2 -99 151 0 148 72 18 -99 0 0 0 
2 64 225 38.617 140 90 18 98.1 0 0 0 
2 62 242 44.258 126 90 17 -99 0 0 0 
2 64 183 31.408 102 78 17 98.1 0 0 0 
1 -99 0 0 126 70 18 98 0 0 0 
1 -99 210.4 0 108 78 18 97.7 0 0 0 
1 -99 0 0 129 78 -99 98.6 0 0 0 
1 69 184.5 27.243 128 80 12 98.8 0 0 0 
1 66 153 24.692 144 96 -99 -99 0 0 0 
1 -99 0 0 155 96 18 -99 0 0 0 
1 64.5 131 22.136 90 68 16 -99 1 0 0 
1 69.5 251 36.531 136 72 -99 -99 0 0 0 
2 60.5 194 37.26 109 82 20 97.1 0 0 0 
2 63 143 25.329 115 80 14 97.2 0 0 0 
1 72 202 27.393 160 97 17 -99 0 0 0 
2 62 159 29.078 120 80 20 97.9 0 0 0 
1 71 197 27.473 100 60 17 97.9 0 0 0 
2 -99 159 0 120 65 14 -99 0 0 0 
2 -99 195.8 0 112 74 -99 97.8 0 0 0 
2 70 156 22.381 -99 -99 -99 -99 0 0 0 
2 60 153 29.878 120 76 18 97.4 0 0 0 
2 62.008 149.914 27.41 116 84 -99 -99 0 0 0 
1 65 150 24.959 136 86 14 -99 0 0 0 
1 67 278 43.536 140 80 20 97.4 0 0 0 
2 -99 0 0 -99 -99 16 98.2 0 0 0 
2 60 185 36.126 162 84 -99 98.7 0 0 0 
2 61 166 31.362 166 83 16 -99 0 0 0 
2 64 176 30.207 142 80 18 -99 0 0 0 
1 70.7 155 21.8 149 72 16 97 0 0 0 
1 66 185 29.857 100 60 16 98 0 0 0 
1 69 177.5 26.209 120 82 12 98.6 0 0 0 
2 -99 0 0 132 82 -99 97.44 0 0 0 
1 73 220 29.022 120 82 16 97.4 0 0 0 
2 -99 0 0 135 80 -99 98.5 0 0 0 
1 70 191 27.403 128 80 20 -99 9966 0 0 
2 64 236 40.505 134 78 18 -99 0 0 0 
1 73 231 30.473 116 62 -99 97.5 0 0 0 
2 -99 0 0 130 60 16 -99 0 0 0 
2 61 156 29.473 118 72 -99 -99 1 0 0 
2 -99 0 0 131 89 -99 98.9 0 0 0 
1 70 148 21.233 142 60 16 -99 0 0 0 
2 63 157 27.808 171 80 17 98.2 0 0 0 
2 62 172 31.456 -99 -99 -99 -99 0 0 0 
2 59.5 188 37.332 138 72 16 98.2 0 0 0 
2 -99 0 0 122 72 -99 -99 0 0 0 
1 65.5 160 26.218 144 74 20 97.1 0 0 0 
1 64 120 20.596 118 80 -99 -99 0 0 0 
2 64 128 21.969 100 80 20 97.6 0 0 0 
2 67 199 31.164 115 88 20 -99 1 0 0 
1 -99 0 0 153 78 -99 98.1 0 0 0 
1 72 228 30.919 136 81 16 98.2 0 0 0 
2 64 190 32.61 136 82 18 99.1 0 0 0 
2 66 210 33.891 135 89 16 97.5 0 0 0 
2 59.1 144.9 29.164 114 80 17 -99 0 0 0 
2 -99 0 0 115 40 -99 97.2 0 0 0 
2 -99 0 0 124 80 -99 -99 0 0 0 
1 71 180 25.102 138 72 -99 -99 0 0 0 
1 69.5 226 32.892 110 70 16 97.9 0 0 0 
1 68 178 27.062 98 74 18 -99 0 0 0 
1 -99 266 0 144 90 -99 -99 0 0 0 
1 -99 190 0 138 88 -99 97.4 0 0 0 
1 66 199 32.116 132 74 18 98.1 0 0 0 
1 71 228 31.796 130 70 18 98.1 1 0 0 
2 -99 161 0 112 80 -99 98.3 1 0 0 
2 -99 0 0 126 84 -99 97.3 0 0 0 
1 75 207 25.87 124 80 18 98.3 0 0 0 
2 60 105 20.504 106 63 16 97.9 0 0 0 
1 -99 0 0 118 78 10 -99 0 0 0 
2 63 155.6 27.56 120 84 16 95.2 0 0 0 
1 -99 0 0 159 80 18 -99 1 0 0 
1 69 180 26.578 116 73 16 -99 0 0 0 
2 60.5 211 40.525 162 74 16 98.5 0 0 0 
2 63 120 21.255 122 91 16 98.9 0 0 0 
2 -99 138 0 95 60 -99 98 1 0 0 
1 -99 298 0 127 78 20 -99 0 0 0 
1 67 185 28.972 118 82 16 97 0 0 0 
1 -99 0 0 142 88 -99 -99 0 0 0 
1 69 261 38.539 143 96 16 97.4 0 0 0 
2 69.5 154 22.413 104 68 -99 98.1 0 0 0 
1 67.6 214.3 32.967 146 92 19 -99 0 0 0 
2 62 176.5 32.279 120 70 20 98 0 0 0 
2 68 217 32.991 116 60 14 97.6 0 0 0 
2 65 196 32.613 145 76 20 98 0 0 0 
2 66.5 145.5 23.13 155 95 12 97.5 0 0 0 
1 64 162 27.804 148 75 20 97.7 0 0 0 
2 67 154.5 24.195 140 81 16 -99 0 0 0 
2 -99 116 0 104 70 -99 -99 0 0 0 
2 66 136 21.949 98 68 20 98.3 1 0 0 
1 -99 0 0 140 80 12 98.6 0 0 0 
1 65 142 23.627 148 100 16 -99 0 0 0 
2 -99 0 0 120 60 16 97.7 0 0 0 
2 66 141.5 22.836 100 50 -99 97.9 0 0 0 
2 -99 0 0 158 100 -99 -99 0 0 0 
2 -99 170 0 -99 -99 -99 -99 0 0 0 
2 66 190 30.663 120 80 -99 -99 0 0 0 
1 67 212 33.2 160 82 24 -99 1 0 0 
2 64 231 39.647 143 103 20 97.1 0 0 0 
1 67 225.5 35.314 121 85 20 98 0 0 0 
2 64.5 149 25.178 107 68 -99 98.1 0 0 0 
1 70 187 26.829 120 90 16 -99 0 0 0 
2 65 137.4 22.862 90 62 -99 -99 0 0 0 
1 78 273 31.545 126 82 17 95.4 0 0 0 
2 -99 146 0 116 70 -99 -99 0 0 0 
2 65 160 26.622 144 84 16 96.5 1 0 0 
1 67 257 40.247 150 83 12 -99 0 0 0 
2 64 160.5 27.547 150 74 -99 97.1 1 0 0 
2 64 132 22.655 110 62 16 99.2 0 0 0 
1 -99 231 0 108 60 -99 97.1 0 0 0 
1 72 130 17.629 110 70 -99 99 0 0 0 
2 62 185 33.833 132 78 16 98.3 0 0 0 
2 67 196 30.695 130 86 16 98.5 0 0 0 
2 70 170 24.39 112 80 -99 -99 1 0 0 
2 -99 0 0 119 67 -99 97.1 0 0 0 
1 68 257 39.072 122 62 16 97.9 0 0 0 
2 66 190 30.663 130 82 -99 -99 0 0 0 
2 66.5 169 26.866 128 80 -99 -99 0 0 0 
2 58 165 34.481 126 71 12 98.9 0 0 0 
1 64 217 37.244 110 60 12 98.2 0 0 0 
1 -99 0 0 115 70 20 -99 0 0 0 
2 61.5 119 22.118 98 60 14 98.2 0 0 0 
2 62 118 21.58 106 60 -99 -99 1 0 0 
1 -99 269 0 -99 -99 -99 -99 0 0 0 
2 -99 170 0 118 75 -99 -99 0 0 0 
2 71.5 221 30.39 110 73 -99 98.1 0 0 0 
2 63 208 36.842 140 80 16 96.7 0 0 0 
1 70 176 25.251 150 92 -99 -99 0 0 0 
2 -99 131.8 0 127 73 20 97.7 0 0 0 
2 63 140 24.797 -99 -99 -99 -99 0 0 0 
1 64.5 166 28.051 180 94 16 98.3 0 0 0 
2 63 156.2 27.667 116 72 -99 96.7 0 0 0 
1 -99 256 0 146 90 -99 97.8 0 0 0 
1 71 210 29.286 118 80 -99 -99 0 0 0 
2 60 157 30.659 110 60 20 98.7 1 0 0 
1 72 178 24.139 122 78 20 98.1 0 0 0 
1 -99 199 0 91 62 18 98.2 0 0 0 
2 66 185 29.857 118 71 20 98 0 0 0 
2 68.5 155 23.222 122 74 -99 -99 1 0 0 
1 72 248.5 33.699 110 80 -99 97.8 0 0 0 
2 67 128 20.045 102 68 -99 -99 0 0 0 
1 -99 199 0 -99 -99 -99 -99 4 0 0 
1 71 204.6 28.533 150 100 16 94.2 0 0 0 
2 60.5 184 35.34 140 60 18 98.2 0 0 0 
1 -99 213 0 130 84 16 97.6 0 0 0 
1 71 180 25.102 140 80 16 98.1 1 0 0 
1 70 152 21.807 97 65 18 98 0 0 0 
2 67 145 22.708 140 90 20 98.9 0 0 0 
1 -99 231 0 136 88 -99 97.6 0 0 0 
1 69 175 25.84 110 70 -99 98 0 0 0 
2 66 250 40.347 152 90 18 97 0 0 0 
2 62.5 132 23.756 128 64 -99 -99 1 0 0 
2 -99 0 0 153 97 14 97.3 0 0 0 
2 62 158 28.895 100 80 16 -99 0 0 0 
2 65 195 32.446 124 76 18 97.1 0 0 0 
1 66 289 46.641 149 80 16 97.2 0 0 0 
2 63 123 21.786 130 90 -99 -99 0 0 0 
1 76 275 33.47 130 74 12 98.1 0 0 0 
2 65 137 22.796 110 70 16 97.5 0 0 0 
2 -99 0 0 180 70 20 -99 0 0 0 
2 61.5 135.5 25.185 122 80 -99 97 1 0 0 
2 65 127 21.132 114 70 12 -99 0 0 0 
2 -99 233 0 122 70 -99 98.9 0 0 0 
2 -99 150 0 124 76 -99 -99 0 0 0 
2 61 211.8 40.015 118 70 -99 -99 0 0 0 
2 58 132 27.585 152 100 16 98.9 0 0 0 
1 69 179 26.431 135 81 18 98 0 0 0 
1 64 165 28.319 142 84 16 98.1 1 0 0 
2 -99 172 0 102 66 -99 97.5 0 0 0 
2 -99 224 0 -99 -99 -99 -99 0 0 0 
2 68 179 27.214 100 80 12 98.3 0 0 0 
1 68 229 34.816 120 70 20 98.2 0 0 0 
2 -99 0 0 146 90 -99 -99 0 0 0 
1 62.4 157.8 28.49 145 78 16 95.8 0 0 0 
2 64 156.2 26.809 123 80 18 98.9 0 0 0 
1 68 170 25.846 150 104 18 -99 0 0 0 
2 64 167 28.662 102 80 -99 97.9 0 0 0 
2 -99 0 0 118 58 -99 -99 1 0 0 
1 73 269 35.486 132 88 20 97.4 0 0 0 
1 -99 175 0 -99 -99 -99 -99 0 0 0 
2 62.5 222 39.953 156 60 18 -99 0 0 0 
2 -99 152.2 0 116 77 -99 -99 0 0 0 
2 68 133 20.22 150 50 20 94.4 0 0 0 
1 72 180 24.41 116 76 18 98.1 0 0 0 
2 -99 0 0 110 60 -99 98.4 0 0 0 
2 60.5 107 20.551 100 60 16 98.6 0 0 0 
2 61 175 33.062 100 60 14 -99 0 0 0 
2 63 222 39.321 132 88 -99 -99 0 0 0 
2 -99 159 0 100 56 -99 -99 0 0 0 
1 -99 255 0 120 80 -99 -99 0 0 0 
2 63.7 147.2 25.503 107 71 -99 -99 1 0 0 
1 74 240 30.811 132 78 18 97.7 0 0 0 
2 60.5 150.6 28.925 134 88 18 -99 0 0 0 
1 63.7 214.2 37.11 118 80 18 96.9 0 0 0 
1 67 246.5 38.603 130 80 -99 -99 1 0 0 
2 65 156.6 26.057 128 76 -99 -99 0 0 0 
2 62 121 22.129 114 78 18 98.2 0 0 0 
1 67 177 27.719 130 70 12 -99 1 0 0 
2 62.5 191 34.374 107 66 17 98.3 0 0 0 
1 63 168 29.757 136 78 16 98.1 1 0 0 
1 -99 235 0 126 82 -99 97.5 0 0 0 
2 61 110 20.782 130 74 10 -99 0 0 0 
2 -99 131 0 104 66 -99 -99 0 0 0 
2 -99 0 0 123 83 16 98.8 0 0 0 
2 -99 130 0 98 75 -99 97.2 0 0 0 
1 71 181 25.242 160 100 20 97.6 0 0 0 
1 -99 0 0 128 90 18 97.1 0 0 0 
1 69 175 25.84 138 99 20 97.7 0 0 0 
2 63 150 26.568 110 60 12 -99 0 0 0 
1 66 0 0 110 82 -99 98.2 0 0 0 
2 66.5 178 28.296 134 84 16 98.2 1 0 0 
1 66.5 174 27.661 130 70 18 97.8 0 0 0 
2 -99 0 0 -99 -99 16 98.8 0 0 0 
2 65 227 37.771 174 104 24 97.8 0 0 0 
2 67 0 0 120 78 -99 98.1 0 0 0 
1 70 155 22.238 110 70 16 98 1 0 0 
2 -99 117 0 96 62 20 -99 0 0 0 
1 112 213 11.937 120 80 -99 98 5633 0 0 
1 66.1 189.3 30.458 112 77 18 -99 0 0 0 
2 64 217.2 37.278 120 62 20 98.2 0 0 0 
2 65 155.5 25.874 120 70 -99 98.4 0 0 0 
1 70 218 31.276 114 77 -99 96.7 0 0 0 
1 67 140 21.925 120 66 16 -99 0 0 0 
1 72 185 25.088 120 77 76 -99 0 0 0 
2 65.5 157.8 25.857 120 80 20 98.1 0 0 0 
2 -99 0 0 225 95 20 97.6 1 0 0 
2 -99 118.6 0 110 64 -99 -99 1 0 0 
2 61.5 218 40.519 120 70 -99 -99 0 0 0 
2 60 134 26.167 -99 -99 -99 -99 0 0 0 
2 67 240 37.585 130 70 -99 97.6 0 0 0 
1 68 256 38.92 130 76 -99 -99 0 0 0 
2 59 106 21.407 85 50 16 -99 0 0 0 
2 65 162 26.955 -99 -99 -99 -99 0 0 0 
1 -99 0 0 130 76 -99 -99 0 0 0 
2 64 256 43.938 130 90 18 97.9 0 0 0 
1 75 222 27.745 134 85 -99 97 0 0 0 
2 66 238 38.41 164 97 17 -99 0 0 0 
2 64 193.8 33.262 152 82 -99 -99 0 0 0 
1 69 173 25.545 126 74 -99 -99 0 0 0 
2 63.5 222.2 38.739 173 105 14 97.8 0 0 0 
2 62.8 151 26.916 132 60 -99 96.7 0 0 0 
2 62 130 23.775 178 87 -99 -99 0 0 0 
2 65 144.6 24.06 121 82 -99 -99 0 0 0 
2 -99 205.4 0 126 79 -99 -99 0 0 0 
2 56 129 28.918 130 90 16 98.2 0 0 0 
2 64 267 45.825 128 100 14 98.4 0 0 0 
1 72 204 27.664 130 70 16 -99 0 0 0 
1 71 180 25.102 170 100 16 99.2 0 0 0 
1 -99 124 0 130 90 -99 97.8 0 0 0 
2 61 118 22.293 140 90 -99 97.7 0 0 0 
2 62 143 26.152 120 80 16 97.4 1 0 0 
1 74 219 28.115 146 78 18 98.8 0 0 0 
2 -99 0 0 126 83 14 97.3 0 0 0 
2 67 230.2 36.05 147 100 18 96.6 0 0 0 
2 -99 136.5 0 112 70 -99 -99 0 0 0 
1 -99 212 0 130 80 -99 -99 0 0 0 
2 65 144 23.96 132 80 -99 -99 1 0 0 
2 -99 130 0 106 69 14 -99 1 0 0 
2 64 121 20.767 120 70 16 98.7 0 0 0 
2 66 145 23.401 124 80 20 97.6 0 0 0 
2 -99 139 0 150 70 -99 -99 0 0 0 
1 66 228 36.796 130 80 16 96.4 0 0 0 
2 65 139 23.128 133 69 16 97.1 0 0 0 
2 -99 148 0 110 80 16 -99 0 0 0 
2 60 121 23.629 132 76 -99 -99 0 0 0 
2 -99 113 0 110 60 -99 -99 0 0 0 
1 68.5 154 23.073 140 60 20 97.7 0 0 0 
1 67 158 24.744 104 66 13 98 0 0 0 
1 75 157.4 19.672 130 80 12 98.9 0 0 0 
1 -99 0 0 -99 -99 16 98.2 0 0 0 
1 72 189 25.63 142 89 18 97.9 0 0 0 
2 62 145.6 26.628 98 69 -99 -99 0 0 0 
1 72 211 28.614 124 74 12 -99 0 0 0 
2 66 120 19.366 118 70 -99 -99 0 0 0 
2 62 135 24.689 127 75 16 97.1 0 0 0 
2 -99 0 0 128 83 18 98.6 0 0 0 
2 65 149 24.792 120 78 -99 98.5 1 0 0 
1 70 174 24.964 128 94 -99 98.3 0 0 0 
1 67 177 27.719 126 74 14 -99 0 0 0 
1 -99 0 0 112 64 18 -99 0 0 0 
2 62 166 30.358 110 74 16 -99 0 0 0 
2 -99 188 0 108 54 -99 -99 0 0 0 
1 -99 0 0 144 76 -99 -99 0 0 0 
2 67 171 26.779 126 74 -99 -99 0 0 0 
1 69 216 31.894 128 70 20 97.4 0 0 0 
2 -99 0 0 109 78 20 98 0 0 0 
1 75 199 24.871 134 88 20 98.3 0 0 0 
2 68 175 26.606 153 89 -99 96.8 0 0 0 
2 -99 0 0 145 95 -99 -99 0 0 0 
2 -99 123 0 126 88 -99 -99 0 0 0 
2 58 122 25.495 130 90 16 98.2 0 0 0 
2 -99 0 0 135 91 -99 97.2 0 0 0 
2 -99 0 0 130 72 -99 -99 0 0 0 
1 -99 0 0 112 67 -99 -99 0 0 0 
1 68 168 25.542 127 67 -99 98.8 0 0 1 
2 -99 0 0 132 89 20 -99 0 0 1 
2 -99 0 0 112 68 18 98.6 0 0 1 
2 62 202 36.942 110 70 16 98.1 0 0 1 
1 72.5 251.8 33.677 82 58 16 97.8 0 0 1 
2 65 0 0 132 88 16 99 0 0 1 
2 67 150 23.491 130 84 20 97 0 0 1 
2 68 231 35.12 110 72 -99 97.3 0 0 1 
1 -99 144 0 152 77 24 -99 0 0 1 
2 67 181 28.346 140 90 20 97 0 0 1 
2 -99 0 0 130 62 14 98.6 0 0 1 
1 70 212 30.416 153 91 16 -99 0 0 1 
2 -99 0 0 122 72 16 -99 1 0 1 
2 59.5 146 28.992 91 63 16 98.1 0 0 1 
2 -99 0 0 -99 -99 16 98.8 0 0 1 
2 62 111 20.3 150 80 20 97.4 0 0 1 
2 67 176 27.562 126 82 20 96.8 0 0 1 
1 69 272.4 40.222 146 60 16 97 0 0 1 
1 68 146 22.197 114 90 18 -99 0 0 1 
1 -99 221 0 133 70 10 98.2 0 0 1 
1 -99 0 0 -99 -99 16 98.2 0 0 1 
1 67 209 32.73 122 80 16 -99 1 0 1 
2 62 206 37.674 148 92 -99 -99 0 0 1 
2 -99 0 0 -99 -99 16 98.8 0 0 1 
1 71 140 19.524 162 97 20 94.7 0 0 1 
1 70 194 27.833 130 80 16 99.1 0 0 1 
1 65 148 24.626 138 78 16 -99 0 0 1 
2 66 235 37.926 114 70 -99 -99 0 0 1 
2 -99 0 0 134 76 -99 -99 0 0 1 
1 73 302.2 39.866 108 60 16 -99 0 0 1 
1 -99 153 0 130 70 15 98.2 0 0 1 
1 69 265.4 39.188 130 70 16 96.7 0 0 1 
2 69 164.4 24.275 110 72 18 -99 0 0 1 
1 64 173 29.692 122 70 -99 -99 0 0 1 
1 67 173 27.093 110 70 18 97.6 0 0 1 
2 68 231 35.12 110 72 -99 97.3 0 0 1 
1 72 273 37.021 140 80 20 97 0 0 1 
1 69 205 30.27 145 95 18 -99 0 0 1 
2 64 112 19.223 110 72 16 97.9 0 0 1 
2 67 176 27.562 140 90 20 96.8 1 0 1 
2 67 150 23.491 130 84 20 97 0 0 1 
1 70 252 36.154 142 68 16 97.2 0 0 1 
1 69 287 42.378 142 70 17 97.1 0 0 1 
2 64 116 19.909 100 75 14 98.1 0 0 1 
1 71 241 33.609 120 58 -99 -99 0 0 1 
2 61 147 27.772 130 70 16 -99 0 0 1 
2 65 0 0 144 73 24 98.6 0 0 1 
1 -99 0 0 128 76 -99 -99 0 0 1 
2 63 240 42.509 142 86 16 98.8 0 0 1 
1 72.5 234 31.296 139 64 14 98.3 0 0 1 
1 58.75 172 35.032 114 76 -99 96.4 1 0 1 
2 69 244 36.029 122 80 18 96.8 0 0 1 
1 71 228 31.796 136 60 16 -99 0 0 1 
1 -99 172 0 136 80 -99 97.7 0 0 1 
2 67 258.2 40.435 128 80 14 -99 0 0 1 
2 69 239.2 35.32 110 70 16 97.3 0 0 1 
1 68.75 0 0 142 90 -99 -99 1 0 1 
2 -99 0 0 100 50 14 -99 0 0 1 
2 65 143 23.794 -99 -99 -99 -99 0 0 1 
2 61 151 28.528 110 60 16 98.4 0 0 1 
2 -99 177.4 0 122 83 18 97.7 0 0 1 
1 66.5 180 28.614 140 70 14 98.4 0 0 1 
1 69.5 250 36.385 132 72 -99 -99 0 0 1 
1 -99 0 0 150 80 -99 -99 0 0 1 
2 61 212 40.053 142 54 -99 -99 0 0 1 
1 -99 206 0 128 80 -99 94.9 0 0 1 
1 68 136 20.676 105 80 18 -99 0 0 1 
1 67 170.4 26.685 110 70 16 95.8 0 0 1 
2 63 295.7 52.375 122 80 20 98.7 0 0 1 
2 -99 0 0 120 55 12 -99 0 0 1 
1 73 317.8 41.924 132 78 18 96.9 0 0 1 
2 69 239 35.29 138 100 16 97.6 0 0 1 
2 -99 138 0 112 72 12 97.7 0 0 1 
2 -99 0 0 132 75 12 -99 0 0 1 
2 61 130 24.561 172 76 12 98.2 0 0 1 
2 61 218 41.186 148 90 -99 -99 0 0 1 
2 61 139 26.261 168 75 16 97.2 0 0 1 
2 67 264 41.344 124 80 16 -99 0 0 1 
1 66 168.4 27.178 118 72 -99 96.9 0 0 1 
1 70 261 37.446 140 80 20 97 0 0 1 
1 -99 192 0 132 80 -99 -99 0 0 1 
2 64 118 20.252 100 60 18 97.3 0 0 1 
1 70 201 28.837 120 78 16 98.6 0 0 1 
2 68.5 223 33.41 140 91 16 -99 0 0 1 
2 61 150.2 28.377 92 52 18 97.1 0 0 1 
1 -99 0 0 128 76 -99 -99 0 0 1 
1 66 171.6 27.694 160 78 -99 97.4 0 0 1 
2 -99 0 0 127 92 -99 98.1 0 0 1 
2 63 270 47.823 128 76 18 98.1 0 0 1 
1 73 195 25.724 130 80 -99 -99 0 0 1 
2 67 158.8 24.869 150 80 16 93.8 0 0 1 
2 67 176.2 27.594 118 86 16 98.2 0 0 1 
2 69 210 31.008 122 70 16 98.2 0 0 1 
2 67 158.8 24.869 150 80 16 93.8 0 0 1 
1 71 226 31.517 160 60 16 98 0 0 1 
2 59.5 141 27.999 91 70 15 97.3 0 0 1 
2 -99 0 0 125 77 14 -99 0 0 1 
1 69 272.4 40.222 146 60 16 97 0 0 1 
1 -99 0 0 128 70 20 97 0 0 1 
1 66.5 176 27.979 100 58 16 98.4 0 0 1 
1 66 170 27.436 128 68 -99 96.6 1 0 1 
1 67 233 36.489 142 80 -99 -99 0 0 1 
2 -99 144 0 120 70 12 97.9 0 0 1 
2 61 223 42.131 142 74 -99 -99 0 0 1 
1 73 323.2 42.636 130 82 20 96.7 0 0 1 
2 63 240 42.509 160 100 16 98.2 0 0 1 
2 -99 0 0 149 77 -99 -99 0 0 1 
1 66 173 27.92 116 68 -99 97.6 1 0 1 
1 67 0 0 145 82 -99 -99 0 0 1 
1 69 287 42.378 145 90 16 96.8 0 0 1 
2 60 161 31.44 138 80 16 -99 0 0 1 
1 67 172.8 27.061 124 62 18 95.5 0 0 1 
2 -99 0 0 112 84 14 98.2 0 0 1 
2 -99 0 0 136 91 16 -99 0 0 1 
1 69 287 42.378 145 90 16 96.8 0 0 1 
2 62 206 37.674 148 92 -99 -99 0 0 1 
2 60 151 29.487 118 70 16 98.4 0 0 1 
1 66 155 25.015 134 69 -99 -99 0 0 1 
2 66.5 177.5 28.217 127 81 18 99 0 0 1 
2 61 147 27.772 130 70 16 -99 0 0 1 
2 65 259 43.095 132 82 18 -99 0 0 1 
1 -99 208 0 130 89 -99 98.2 0 0 1 
1 68 142 21.589 105 71 18 98.2 0 0 1 
1 71 140 19.524 162 97 20 94.7 0 0 1 
1 72 257 34.852 130 72 20 96.7 0 0 1 
1 69 212.4 31.363 160 60 18 96.1 0 0 1 
2 -99 0 0 127 90 14 -99 0 0 1 
1 69.5 230 33.474 146 82 16 97.7 0 0 1 
2 -99 0 0 122 58 16 97.8 0 0 1 
1 68 150 22.805 135 81 -99 -99 0 0 1 
1 66.5 180 28.614 180 82 16 98.6 0 0 1 
2 60 188 36.712 148 80 18 98.4 1 0 1 
2 65 0 0 128 73 20 98.3 0 0 1 
1 71 248 34.585 146 91 -99 97.7 0 0 1 
1 69 265.4 39.188 130 70 16 96.7 0 0 1 
2 63 244 43.218 140 98 16 97.5 0 0 1 
2 65 245.4 40.832 130 80 16 97.4 0 0 1 
2 68 231 35.12 110 72 -99 97.3 0 0 1 
1 -99 188 0 122 80 -99 -99 0 0 1 
2 62 137 25.055 160 100 20 98.3 0 0 1 
1 66 171.6 27.694 160 78 -99 97.4 0 0 1 
1 -99 0 0 148 78 16 98.2 0 0 1 
2 68 165 25.085 127 95 -99 -99 1 0 1 
2 61 147 27.772 110 60 16 97.4 0 0 1 
2 69 299 44.15 140 56 16 97.4 0 0 1 
1 68 150 22.805 135 81 -99 -99 0 0 1 
2 -99 249 0 126 84 -99 98.4 1 0 1 
2 63 295.6 52.357 122 82 17 98.1 0 0 1 
1 69 175 25.84 144 76 -99 98 0 0 1 
2 58 159 33.227 130 70 16 97.4 0 0 1 
1 66 190.6 30.76 110 70 16 94.8 0 0 1 
2 67 170 26.623 122 80 20 97.7 0 0 1 
1 66 156 25.176 130 76 16 -99 0 0 1 
1 73 297 39.18 150 88 16 97.6 0 0 1 
1 73 162 21.371 130 82 20 98.2 0 0 1 
2 63 198 35.07 160 80 18 98.2 0 0 1 
2 67 132 20.672 132 80 16 96 0 0 1 
1 -99 189 0 124 62 -99 -99 0 0 1 
1 69 272.4 40.222 146 60 16 97 0 0 1 
2 -99 0 0 138 76 20 -99 0 0 1 
2 -99 0 0 120 56 12 97.8 0 0 1 
1 68 150 22.805 130 75 15 98.1 0 0 1 
2 64 236 40.505 120 85 16 -99 0 0 1 
1 -99 245 0 130 80 18 98 0 0 1 
2 61 118 22.293 152 84 18 99 0 0 1 
2 63 0 0 90 60 16 98.1 0 0 1 
2 67 170 26.623 128 80 16 97.6 1 0 1 
1 66.5 172 27.343 170 80 16 98.2 0 0 1 
1 66 150 24.208 130 60 16 98.3 0 0 1 
1 64 239 41.02 166 80 20 97.2 0 0 1 
1 73 320.4 42.267 180 90 16 97.6 0 0 1 
2 64 236 40.505 120 85 16 -99 0 0 1 
1 66 173.8 28.049 96 58 -99 97.3 0 0 1 
1 66 170 27.436 134 78 -99 97.8 0 0 1 
2 63 245 43.395 140 80 16 98.4 0 0 1 
2 63 0 0 128 88 20 96.7 0 0 1 
1 69 226.4 33.43 162 78 16 100.1 0 0 1 
2 -99 146.5 0 110 64 16 98.1 0 0 1 
2 65 143 23.794 -99 -99 -99 -99 0 0 1 
2 -99 172 0 115 66 -99 98.8 0 0 1 
2 -99 0 0 136 91 16 -99 0 0 1 
2 -99 0 0 112 84 14 98.2 0 0 1 
1 -99 232 0 128 70 -99 -99 0 0 1 
1 69 265 39.129 -99 -99 16 -99 0 0 1 
1 70 214 30.702 130 80 20 99.2 0 0 1 
1 70 193 27.69 122 76 20 98.6 0 0 1 
1 72 270 36.615 150 98 20 97 0 0 1 
1 73 302.2 39.866 108 60 16 -99 0 0 1 
1 67.5 200 30.859 130 78 16 -99 0 0 1 
1 71 0 0 116 71 20 97.8 0 0 1 
1 71 290.2 40.47 124 78 -99 96.8 1 0 1 
1 70 215 30.846 130 85 16 96.1 0 0 1 
1 -99 188 0 122 80 -99 -99 0 0 1 
1 66 171 27.597 116 68 -99 96.3 1 0 1 
2 69 174 25.693 110 80 16 92.9 0 0 1 
2 -99 0 0 118 50 12 97.6 0 0 1 
2 65 238 39.601 110 70 16 98.4 0 0 1 
1 67 190 29.755 122 74 16 98.1 0 0 1 
1 71 140 19.524 162 97 20 94.7 0 0 1 
2 62 207.8 38.003 122 86 16 97.6 0 0 1 
1 72.5 234 31.296 146 69 18 97.6 0 0 1 
1 67 181.4 28.408 146 90 15 96.6 0 0 1 
1 67 234.2 36.677 136 78 -99 -99 0 0 1 
2 66.5 179 28.455 122 83 18 99.8 0 0 1 
2 67 258.6 40.498 140 84 16 -99 0 0 1 
1 66 150 24.208 130 60 16 98.3 0 0 1 
2 60 140 27.339 130 80 -99 -99 0 0 1 
1 -99 184 0 152 78 12 -99 0 0 1 
2 -99 0 0 130 70 16 97 0 0 1 
2 64 195 33.468 162 88 -99 -99 0 0 1 
2 -99 138 0 112 72 12 97.7 0 0 1 
1 70 238 34.146 128 68 12 -99 0 0 1 
2 -99 248 0 112 70 14 -99 0 0 1 
1 66.5 186 29.568 112 68 18 98.1 0 0 1 
1 66.5 180 28.614 180 82 16 98.6 0 0 1 
1 68 150 22.805 130 75 15 98.1 0 0 1 
2 -99 0 0 128 80 18 98.6 0 0 1 
1 68 164 24.933 110 78 15 -99 0 0 1 
2 64 160 27.461 120 72 15 97.9 0 0 1 
2 69 223 32.928 125 77 18 -99 0 0 1 
1 69.5 230 33.474 146 82 16 97.7 0 0 1 
2 -99 0 0 138 79 -99 98.2 0 0 1 
2 64.6 176.4 29.716 112 70 16 97.9 0 0 1 
2 -99 0 0 128 86 14 -99 0 0 1 
2 63.5 225 39.227 132 78 -99 -99 0 0 1 
1 72 178 24.139 106 70 -99 97.2 0 0 1 
2 66 226 36.473 170 78 18 97.5 0 0 1 
1 65 148 24.626 138 78 16 -99 0 0 1 
2 65 0 0 132 86 16 98 0 0 1 
1 -99 164 0 145 75 15 -99 0 0 1 
1 66 170.4 27.5 112 66 -99 98.5 1 0 1 
2 59 240 48.469 120 70 16 98.3 0 0 1 
1 -99 189 0 124 62 -99 -99 0 0 1 
2 49.5 139.5 40.024 100 69 12 97.9 0 0 1 
1 75 265.9 33.232 118 74 20 98.5 0 0 1 
2 -99 0 0 136 91 16 -99 0 0 1 
1 68 217.4 33.052 142 60 18 96.8 0 0 1 
1 67 179.2 28.064 132 86 16 96.8 0 0 1 
2 64 241.6 41.466 162 92 18 98.2 0 0 1 
1 -99 188 0 122 80 -99 -99 0 0 1 
1 72.5 251.8 33.677 82 58 16 97.8 0 0 1 
2 63 251 44.458 110 50 16 99.4 0 0 1 
2 -99 0 0 122 78 12 -99 0 0 1 
1 66 274 44.22 120 70 18 98 0 0 1 
2 -99 0 0 140 82 20 -99 0 0 1 
1 -99 221 0 133 70 10 98.2 0 0 1 
2 61 150.2 28.377 92 52 18 97.1 0 0 1 
2 -99 163 0 114 75 -99 97 1 0 1 
2 -99 0 0 118 74 -99 -99 0 0 1 
2 67 185 28.972 110 80 20 97.9 0 0 1 
1 68 159 24.173 130 82 12 96.8 0 0 1 
1 74 227 29.142 128 80 -99 -99 0 0 1 
2 64 250 42.908 140 70 16 -99 0 0 1 
2 -99 0 0 102 58 12 98.8 0 0 1 
1 68 159 24.173 130 82 12 96.8 0 0 1 
1 73 232 30.605 118 70 -99 -99 0 0 1 
2 -99 147 0 97 68 16 98 0 0 1 
1 69 160 23.625 140 96 18 97.6 0 0 1 
2 63 295.7 52.375 120 80 16 94.1 0 0 1 
2 69 230 33.961 120 89 18 -99 0 0 1 
2 65 0 0 123 74 20 99.3 0 0 1 
1 68 164 24.933 110 78 15 -99 0 0 1 
2 67 264.4 41.406 142 90 16 96.3 0 0 1 
1 66 170.4 27.5 142 82 -99 96.7 0 0 1 
1 66 156 25.176 130 76 16 -99 0 0 1 
1 71 290.2 40.47 124 78 -99 96.8 1 0 1 
1 70 257 36.872 130 84 20 97 0 0 1 
1 68 158 24.021 120 72 18 96.1 1 0 1 
1 68 217.4 33.052 160 60 17 -99 0 0 1 
2 -99 146 0 110 70 20 98.1 0 0 1 
2 64 250 42.908 130 70 16 97 0 0 1 
1 65.5 130 21.302 133 83 16 97.2 0 0 1 
1 66.5 175 27.82 160 78 16 98.2 0 0 1 
2 65 204.5 34.027 120 80 22 96.7 0 0 1 
1 72 206 27.936 140 80 -99 97.2 1 0 1 
1 68 150 22.805 130 75 15 98.1 0 0 1 
2 61 113 21.349 175 93 18 98.2 0 0 1 
2 -99 0 0 142 87 20 -99 0 0 1 
2 -99 0 0 102 71 14 -99 0 0 1 
2 62 137 25.055 160 100 20 98.3 0 0 1 
2 61 234 44.209 135 75 18 97 0 0 1 
1 -99 0 0 134 78 20 99.3 0 0 1 
1 70 222 31.85 120 82 18 97.6 0 0 1 
1 70 295.8 42.438 154 88 -99 96.7 0 0 1 
2 -99 190.2 0 112 76 14 98.1 0 0 1 
2 -99 208 0 137 60 -99 -99 0 0 1 
1 -99 189 0 124 62 -99 -99 0 0 1 
1 66 155 25.015 134 69 -99 -99 0 0 1 
1 67 180 28.189 148 80 16 -99 0 0 1 
2 60 193 37.689 114 76 -99 97.3 0 0 1 
2 65 0 0 132 83 18 98 0 0 1 
2 65 203 33.777 118 80 14 98.8 0 0 1 
1 66 130 20.98 130 70 -99 -99 0 0 1 
2 -99 0 0 110 68 16 -99 0 0 1 
1 -99 170 0 222 103 18 96.1 0 0 1 
1 72.5 234 31.296 146 69 18 97.6 0 0 1 
1 69 205 30.27 121 77 18 97.3 0 0 1 
2 61 149.2 28.188 112 68 16 96.4 0 0 1 
2 67 174 27.249 138 90 20 98.4 0 0 1 
1 69 160 23.625 140 96 18 97.6 0 0 1 
2 -99 0 0 138 76 20 -99 0 0 1 
2 60 213.4 41.672 100 90 16 95.6 0 0 1 
2 -99 0 0 120 89 22 78.7 0 0 1 
1 68 136 20.676 105 80 18 -99 0 0 1 
2 -99 182 0 114 78 -99 97.8 0 0 1 
1 73 312.8 41.264 138 86 19 93.3 0 0 1 
1 67 175 27.406 118 80 18 93.3 0 0 1 
2 60 147 28.706 140 70 16 98 0 0 1 
1 -99 0 0 140 78 -99 -99 0 0 1 
2 68 231 35.12 110 72 -99 97.3 0 0 1 
2 66 165.4 26.693 120 70 16 -99 0 0 1 
1 70 193 27.69 122 76 20 98.6 0 0 1 
2 64 113 19.394 110 60 14 98.2 0 0 1 
2 66 226 36.473 170 78 18 97.5 0 0 1 
2 -99 0 0 123 79 16 -99 0 0 1 
2 65 128 21.298 102 70 16 98.6 0 0 1 
2 -99 0 0 135 88 20 -99 0 0 1 
1 70 212 30.416 148 87 16 96.7 0 0 1 
2 -99 0 0 130 62 14 98.6 0 0 1 
1 69 287 42.378 145 90 16 96.8 0 0 1 
2 -99 207 0 117 86 -99 98.6 0 0 1 
1 -99 0 0 120 70 -99 -99 0 0 1 
2 61.8 216.5 39.851 162 82 18 -99 0 0 1 
2 -99 0 0 140 88 20 -99 0 0 1 
1 64 174 29.864 134 89 -99 -99 0 0 1 
1 68 158 24.021 120 72 18 96.1 1 0 1 
2 66 235 37.926 114 70 -99 -99 0 0 1 
1 67 173 27.093 110 70 18 97.6 0 0 1 
2 62 137 25.055 160 98 16 98.4 0 0 1 
1 71 228 31.796 136 60 16 -99 0 0 1 
1 68 168 25.542 127 67 -99 98.8 0 0 1 
2 -99 212 0 130 80 -99 -99 0 0 1 
1 70 212 30.416 148 87 16 96.7 0 0 1 
2 64 189 32.438 118 62 16 98.7 1 0 1 
2 67 175 27.406 124 72 20 97.4 0 0 1 
1 70 215 30.846 130 85 16 96.1 0 0 1 
1 73 241 31.793 122 80 17 97.1 0 0 1 
2 -99 0 0 145 92 20 -99 0 0 1 
2 -99 0 0 127 92 -99 98.1 0 0 1 
1 66 170.4 27.5 142 82 -99 96.7 0 0 1 
2 -99 212 0 130 80 -99 -99 0 0 1 
1 67 0 0 145 82 -99 -99 0 0 1 
2 -99 207 0 132 82 -99 98.6 0 0 1 
1 72 267 36.208 146 88 20 97.6 0 0 1 
2 59 139 28.072 130 76 16 -99 0 0 1 
1 66 172.4 27.823 116 68 -99 96.7 1 0 1 
1 -99 213 0 136 77 -99 97.2 0 0 1 
1 66 170 27.436 134 78 -99 97.8 0 0 1 
1 67 180 28.189 148 80 16 -99 0 0 1 
1 72 180 24.41 128 80 -99 97.7 0 0 1 
2 61 150.6 28.453 110 50 16 99 0 0 1 
1 66.5 180 28.614 180 82 16 98.6 0 0 1 
1 70 214 30.702 145 88 18 97.8 0 0 1 
1 -99 0 0 142 78 -99 -99 0 0 1 
2 60 201 39.251 118 70 16 96.2 0 0 1 
2 68 231 35.12 120 76 -99 -99 0 0 1 
2 67 187 29.285 136 92 20 97.9 1 0 1 
2 -99 0 0 136 90 20 -99 0 0 1 
2 -99 0 0 105 66 16 -99 0 0 1 
2 67 166 25.996 130 80 20 97.7 1 0 1 
1 -99 118 0 107 68 20 97.7 0 0 1 
2 -99 0 0 138 80 -99 97.4 0 0 1 
2 59 145 29.283 120 78 16 97.9 0 0 1 
1 65 146 24.293 112 70 -99 -99 0 0 1 
2 59.5 146 28.992 118 72 14 98.4 0 0 1 
2 54 205 49.422 110 70 15 97.4 0 0 1 
1 73 157 20.711 140 92 20 98 0 0 1 
1 70 193 27.69 122 76 20 98.6 0 0 1 
1 70 261 37.446 140 80 20 97 0 0 1 
2 -99 0 0 120 55 12 -99 0 0 1 
1 74.5 244 30.905 128 84 16 98.6 0 0 1 
2 -99 0 0 132 89 20 -99 0 0 1 
2 -99 0 0 118 74 -99 -99 0 0 1 
2 60 166 32.416 146 74 18 97.8 1 0 1 
1 66 169.8 27.403 154 70 -99 97.6 0 0 1 
1 68 0 0 168 81 16 98.3 0 0 1 
2 -99 146 0 110 70 20 98.1 0 0 1 
2 54 189 45.565 120 60 17 97.5 0 0 1 
2 69 176 25.988 122 80 16 98.9 0 0 1 
1 69 160 23.625 140 96 18 97.6 0 0 1 
1 -99 0 0 148 78 16 98.2 0 0 1 
2 -99 0 0 125 77 14 -99 0 0 1 
2 -99 0 0 139 80 14 -99 0 0 1 
2 -99 208 0 137 60 -99 -99 0 0 1 
1 67 0 0 145 82 -99 -99 0 0 1 
2 65 0 0 122 72 18 99 0 0 1 
2 -99 150.5 0 114 50 20 98.1 0 0 1 
2 62.5 196 35.274 141 98 16 97.8 0 0 1 
1 73 161 21.239 130 82 16 98.3 0 0 1 
1 65.5 130 21.302 133 83 16 97.2 0 0 1 
2 65 199.5 33.195 122 80 16 95 0 0 1 
1 70 255 36.585 150 90 20 97.5 0 0 1 
2 66.5 175 27.82 124 81 14 98.2 0 0 1 
2 61.5 140 26.022 140 70 20 98 0 0 1 
2 65 96.1 15.99 104 84 -99 95.3 0 0 1 
2 -99 144 0 120 70 12 97.9 0 0 1 
2 60 180.9 35.326 132 78 18 97.4 0 0 1 
1 66 172.2 27.791 144 78 -99 97.2 0 0 1 
1 68 149 22.653 107 73 18 -99 0 0 1 
2 64.6 176.4 29.716 112 70 16 97.9 0 0 1 
1 70 194 27.833 130 80 16 99.1 0 0 1 
2 -99 0 0 145 92 20 -99 0 0 1 
2 -99 0 0 117 90 18 -99 0 0 1 
1 66 170 27.436 128 68 -99 96.6 1 0 1 
2 -99 239 0 124 76 -99 97.4 0 0 1 
2 65 0 0 132 88 16 99 0 0 1 
2 -99 0 0 128 86 14 -99 0 0 1 
1 -99 168.4 0 142 94 14 98.6 0 0 1 
2 69 247 36.472 134 70 16 -99 0 0 1 
2 60 173.8 33.939 122 60 18 98 1 0 1 
2 63 254 44.989 164 80 16 98.4 0 0 1 
2 54 205 49.422 120 79 15 97.9 0 0 1 
2 64 250 42.908 140 70 16 -99 0 0 1 
1 70 222 31.85 120 82 18 97.6 0 0 1 
2 63 245 43.395 140 80 16 98.4 0 0 1 
1 69 196 28.941 118 74 18 97.2 0 0 1 
2 -99 182 0 114 78 -99 97.8 0 0 1 
2 -99 0 0 138 87 20 -99 0 0 1 
1 -99 206.8 0 128 82 18 -99 1 0 1 
2 66 141.5 22.836 116 74 -99 -99 1 0 1 
1 68 155 23.565 120 78 18 -99 0 0 1 
2 67 176 27.562 140 90 20 96.8 1 0 1 
2 68 233 35.424 132 70 -99 97.9 0 0 1 
1 70 192 27.546 122 70 -99 -99 0 0 1 
2 63 294.2 52.11 128 78 18 98.5 0 0 1 
2 -99 199.4 0 122 78 20 98 0 0 1 
2 -99 0 0 118 50 12 97.6 0 0 1 
1 68 150 22.805 135 81 -99 -99 0 0 1 
1 70 196 28.12 120 74 -99 -99 0 0 1 
1 66.5 178 28.296 130 60 16 97.8 0 0 1 
2 65 0 0 133 86 20 -99 0 0 1 
2 67 166 25.996 130 80 20 97.7 1 0 1 
2 58 159 33.227 130 70 16 97.4 0 0 1 
2 61.5 210 39.032 126 66 12 -99 0 0 1 
2 -99 0 0 136 91 16 -99 0 0 1 
2 -99 0 0 105 66 16 -99 0 0 1 
1 73 161 21.239 130 82 16 98.3 0 0 1 
2 66 206.4 33.31 146 80 17 96.3 0 0 1 
1 64 180 30.894 116 64 16 98 0 0 1 
2 -99 0 0 145 105 -99 -99 1 0 1 
2 63 240 42.509 142 86 16 98.8 0 0 1 
1 66 156 25.176 129 91 -99 -99 0 0 1 
1 66.5 177 28.137 118 60 16 98.2 0 0 1 
2 63.5 162 28.244 128 85 -99 96.8 1 0 1 
1 75 230 28.745 118 86 -99 -99 0 0 1 
1 68 217.4 33.052 142 60 18 96.8 0 0 1 
2 -99 0 0 127 92 -99 98.1 0 0 1 
2 66 235 37.926 114 70 -99 -99 0 0 1 
1 -99 229 0 94 65 -99 97.3 0 0 1 
1 69 265.4 39.188 130 70 16 96.7 0 0 1 
1 67 188 29.442 130 68 16 98.2 0 0 1 
2 60 201 39.251 118 70 16 96.2 0 0 1 
2 64 216.8 37.21 124 72 16 97.9 1 0 1 
1 74 219 28.115 118 70 -99 97.8 0 0 1 
1 75 265.9 33.232 118 74 20 98.5 0 0 1 
2 -99 0 0 125 77 14 -99 0 0 1 
2 -99 0 0 146 82 18 -99 0 0 1 
2 -99 0 0 112 84 14 98.2 0 0 1 
2 63.5 174 30.336 142 64 15 97.9 0 0 1 
1 70 209 29.985 132 87 18 97.6 0 0 1 
1 72 258 34.987 160 100 20 97.4 0 0 1 
1 68 211 32.079 180 60 16 96.7 0 0 1 
2 -99 146.5 0 110 64 16 98.1 0 0 1 
2 -99 0 0 120 72 12 -99 0 0 1 
2 69 174 25.693 110 80 16 92.9 0 0 1 
1 70 193 27.69 122 76 20 98.6 0 0 1 
2 65 0 0 132 83 18 98 0 0 1 
1 -99 0 0 135 75 -99 -99 0 0 1 
2 -99 0 0 127 90 14 -99 0 0 1 
1 -99 0 0 106 72 14 -99 0 0 1 
1 72.5 251.8 33.677 82 58 16 97.8 0 0 1 
1 68 243 36.944 134 84 16 97.7 0 0 1 
1 -99 168.4 0 142 94 14 98.6 0 0 1 
2 63 128 22.672 110 62 12 98.4 0 0 1 
2 -99 0 0 145 90 -99 -99 0 0 1 
2 66.5 168 26.707 126 83 16 98.7 0 0 1 
1 -99 118 0 107 68 20 97.7 0 0 1 
2 63 248 43.926 180 84 16 99 0 0 1 
2 -99 189 0 132 88 -99 97.4 0 0 1 
2 61 223 42.131 142 74 -99 -99 0 0 1 
2 65 216 35.94 130 80 16 98.1 0 0 1 
1 67 0 0 145 82 -99 -99 0 0 1 
2 -99 147 0 107 69 16 98.1 0 0 1 
1 73 297 39.18 150 88 16 97.6 0 0 1 
2 69 167.6 24.747 110 80 16 97.8 0 0 1 
1 63 190 33.653 120 70 16 -99 0 0 1 
1 73 320 42.214 130 70 18 97.2 0 0 1 
1 64.5 187 31.599 144 90 -99 97 0 0 1 
1 70 209 29.985 146 92 22 97.2 0 0 1 
1 -99 0 0 157 96 -99 98.4 0 0 1 
2 -99 150.5 0 114 50 20 98.1 0 0 1 
2 63 295.6 52.357 122 82 17 98.1 0 0 1 
1 69 265.4 39.188 130 70 16 96.7 0 0 1 
2 -99 0 0 101 66 -99 -99 0 0 1 
2 60 148 28.901 128 60 18 97.5 0 0 1 
2 -99 145 0 110 60 17 98.1 0 0 1 
1 68 191 29.038 159 88 16 98.6 0 0 1 
2 62 125 22.86 146 96 18 98.6 0 0 1 
1 72 257 34.852 130 72 20 96.7 0 0 1 
2 61 125 23.616 177 86 18 99.2 0 0 1 
1 73 317.8 41.924 132 78 18 96.9 0 0 1 
1 -99 0 0 102 58 -99 -99 0 0 1 
1 75 224 27.995 122 80 -99 -99 0 0 1 
1 70 255 36.585 150 90 20 97.5 0 0 1 
1 -99 225 0 110 80 -99 97.3 0 0 1 
2 67 263 41.187 130 80 16 96.7 0 0 1 
2 63 254 44.989 164 80 16 98.4 0 0 1 
1 -99 184 0 152 78 12 -99 0 0 1 
2 61 137 25.883 164 79 16 -99 0 0 1 
1 75 236 29.495 130 68 -99 -99 0 0 1 
2 -99 0 0 107 70 16 -99 0 0 1 
2 61 138 26.072 145 92 16 97 0 0 1 
1 73 158 20.843 128 82 16 97.9 0 0 1 
2 69 230 33.961 120 89 18 -99 0 0 1 
2 -99 148 0 132 78 20 98.1 0 0 1 
2 -99 0 0 110 72 -99 96.8 0 0 1 
1 -99 170 0 222 103 18 96.1 0 0 1 
1 70 257 36.872 130 84 20 97 0 0 1 
2 67 176 27.562 140 90 20 96.8 1 0 1 
1 -99 241 0 112 72 -99 -99 0 0 1 
1 -99 0 0 134 78 20 99.3 0 0 1 
2 61 218 41.186 148 90 -99 -99 0 0 1 
2 -99 0 0 140 88 20 -99 0 0 1 
2 67 177 27.719 128 80 20 98.4 1 0 1 
2 69 228 33.666 122 80 16 99.3 0 0 1 
2 60.5 208.2 39.988 135 74 18 -99 0 0 1 
2 -99 248 0 100 70 20 -99 0 0 1 
2 63 17 3.011 80 70 -99 -99 4130 0 1 
2 66 98.3 15.864 99 67 -99 96.2 0 0 1 
2 67 176 27.562 140 90 20 96.8 1 0 1 
1 68 217.4 33.052 160 60 17 -99 0 0 1 
1 66.5 180 28.614 180 82 16 98.6 0 0 1 
1 70 264 37.876 140 92 20 97.1 0 0 1 
